11.791, -135.680, -430.562, 3.488, -40.137, -127.368, 318.000, 0.021
44.026, -205.633, -411.084, 13.706, -64.017, -127.977, 318.000, 0.046
13.390, -262.575, -389.993, 4.337, -85.047, -126.316, 318.000, 0.050
73.483, -68.387, -435.096, 21.151, -19.684, -125.236, 318.000, 0.053
-8.500, -55.943, -457.334, -2.634, -17.338, -141.740, 318.000, 0.050
118.128, -221.371, -396.837, 38.119, -71.436, -128.058, 318.000, 0.051
35.189, -392.242, -217.090, 10.305, -114.866, -63.574, 318.000, 0.052
53.690, -323.923, -324.836, 16.725, -100.902, -101.186, 318.000, 0.050
0.882, -297.198, -345.540, 0.267, -89.837, -104.449, 318.000, 0.049
-48.980, -313.519, -323.668, -14.617, -93.564, -96.593, 318.000, 0.050
-40.418, -106.730, -450.539, -12.764, -33.704, -142.275, 318.000, 0.050
11.521, 70.356, -437.562, 3.257, 19.890, -123.701, 318.000, 0.049
-41.873, -323.034, -334.576, -13.357, -103.045, -106.726, 318.000, 0.050
72.113, -103.806, -436.701, 21.672, -31.196, -131.239, 318.000, 0.050
-40.180, -152.054, -449.781, -13.364, -50.575, -149.603, 318.000, 0.052
88.244, -92.452, -432.499, 26.022, -27.262, -127.535, 318.000, 0.044
-129.119, -84.686, -421.646, -37.678, -24.712, -123.040, 318.000, 0.047
-106.666, -119.185, -429.583, -32.669, -36.503, -131.569, 318.000, 0.047
-78.684, -142.069, -418.498, -22.945, -41.428, -122.037, 318.000, 0.045
32.752, -72.097, -435.967, 9.247, -20.355, -123.087, 318.000, 0.050
15.918, -112.405, -428.539, 4.500, -31.776, -121.143, 318.000, 0.043
22.485, -226.434, -381.124, 6.377, -64.216, -108.086, 318.000, 0.049
43.544, 30.685, -435.418, 11.978, 8.441, -119.772, 318.000, 0.046
-29.896, -316.387, -335.349, -9.319, -98.619, -104.529, 318.000, 0.048
-13.988, -355.039, -281.021, -4.169, -105.814, -83.754, 318.000, 0.045
-2.207, -177.358, -429.925, -0.698, -56.088, -135.960, 318.000, 0.046
11.226, -145.789, -431.476, 3.390, -44.026, -130.300, 318.000, 0.047
-15.919, -187.240, -416.460, -4.839, -56.920, -126.602, 318.000, 0.045
30.017, -122.881, -426.986, 8.582, -35.134, -122.084, 318.000, 0.048
111.890, -64.447, -416.042, 30.211, -17.401, -112.333, 318.000, 0.048
93.979, 47.633, -426.244, 25.914, 13.134, -117.535, 318.000, 0.046
144.263, 64.079, -420.360, 42.095, 18.698, -122.658, 318.000, 0.047
128.704, 20.196, -435.387, 38.646, 6.064, -130.733, 318.000, 0.046
35.203, 5.691, -433.853, 9.487, 1.534, -116.922, 318.000, 0.045
23.279, -101.283, -434.158, 6.697, -29.136, -124.894, 318.000, 0.047
-81.417, -126.108, -424.124, -23.870, -36.973, -124.345, 318.000, 0.044
-40.877, -148.342, -435.770, -12.749, -46.267, -135.914, 318.000, 0.045
27.348, -183.169, -416.475, 8.268, -55.376, -125.909, 318.000, 0.047
-46.981, -42.877, -442.120, -13.534, -12.351, -127.361, 318.000, 0.048
-24.726, -145.052, -440.523, -7.797, -45.737, -138.904, 318.000, 0.046
-54.388, -166.254, -413.258, -15.847, -48.442, -120.412, 318.000, 0.047
38.589, -37.220, -437.320, 10.737, -10.356, -121.683, 318.000, 0.046
2.676, -139.262, -422.801, 0.764, -39.779, -120.768, 318.000, 0.047
114.945, -12.355, -423.011, 31.592, -3.396, -116.260, 318.000, 0.046
2.491, -86.519, -417.186, 0.632, -21.945, -105.817, 318.000, 0.046
207.918, -177.162, -350.607, 59.157, -50.406, -99.755, 318.000, 0.047
152.829, -13.231, -409.746, 41.749, -3.614, -111.933, 318.000, 0.046
67.892, -245.570, -367.578, 19.619, -70.964, -106.223, 318.000, 0.046
28.390, -126.567, -420.371, 7.868, -35.079, -116.508, 318.000, 0.047
44.255, -243.541, -364.310, 12.303, -67.706, -101.280, 318.000, 0.047
-5.605, -289.303, -331.712, -1.556, -80.302, -92.074, 318.000, 0.046
-52.690, -193.190, -397.328, -15.032, -55.115, -113.354, 318.000, 0.047
-100.554, -233.970, -367.093, -28.983, -67.439, -105.810, 318.000, 0.047
-81.167, -269.308, -348.019, -23.485, -77.922, -100.697, 318.000, 0.047
-87.173, -258.012, -350.972, -24.772, -73.320, -99.737, 318.000, 0.045
-124.527, -234.581, -349.305, -34.283, -64.581, -96.165, 318.000, 0.047
-100.678, -315.033, -275.066, -26.252, -82.146, -71.724, 318.000, 0.047
-158.434, -283.690, -282.454, -41.413, -74.153, -73.830, 318.000, 0.045
42.369, -398.350, -115.912, 10.061, -94.593, -27.525, 318.000, 0.048
39.308, -204.708, -407.183, 11.982, -62.399, -124.118, 318.000, 0.044
57.747, -130.260, -438.532, 17.921, -40.425, -136.096, 318.000, 0.046
68.268, -105.048, -432.185, 20.023, -30.810, -126.758, 318.000, 0.044
-25.019, -134.940, -431.035, -7.431, -40.079, -128.023, 318.000, 0.048
57.342, -132.649, -442.513, 18.171, -42.034, -140.224, 318.000, 0.047
16.322, -108.801, -444.551, 4.988, -33.252, -135.864, 318.000, 0.046
155.806, 19.056, -396.705, 39.672, 4.852, -101.010, 318.000, 0.048
264.134, 162.349, -135.275, 15.824, 9.726, -8.104, 318.000, 0.048
-70.926, -87.269, -428.794, -20.047, -24.666, -121.196, 318.000, 0.045
32.626, -156.443, -423.985, 9.728, -46.647, -126.421, 318.000, 0.046
11.003, -405.884, -117.914, 2.727, -100.613, -29.229, 318.000, 0.049
-119.689, -227.291, -363.041, -34.107, -64.769, -103.452, 318.000, 0.046
-59.989, -138.469, -412.307, -16.540, -38.178, -113.680, 318.000, 0.047
94.751, -73.510, -425.228, 26.553, -20.601, -119.167, 318.000, 0.046
1.937, -65.458, -428.020, 0.514, -17.385, -113.678, 318.000, 0.047
64.279, -77.389, -428.926, 17.883, -21.530, -119.328, 318.000, 0.047
77.850, 79.745, -414.644, 20.191, 20.683, -107.542, 318.000, 0.046
70.970, -3.589, -448.756, 21.298, -1.077, -134.670, 318.000, 0.046
-0.457, -68.961, -451.637, -0.139, -20.962, -137.281, 318.000, 0.047
145.300, -150.801, -417.763, 46.425, -48.183, -133.479, 318.000, 0.045
138.449, -132.293, -417.590, 42.614, -40.719, -128.533, 318.000, 0.046
-45.319, -291.637, -355.316, -14.119, -90.858, -110.697, 318.000, 0.047
-19.134, -135.858, -436.275, -5.830, -41.392, -132.921, 318.000, 0.045
78.256, -318.984, -326.526, 24.524, -99.962, -102.325, 318.000, 0.048
26.471, -173.646, -422.833, 8.086, -53.044, -129.164, 318.000, 0.047
42.097, -316.378, -321.875, 12.564, -94.427, -96.067, 318.000, 0.046
47.646, -146.739, -420.117, 13.792, -42.476, -121.609, 318.000, 0.048
91.583, 40.157, -420.893, 24.263, 10.639, -111.505, 318.000, 0.045
9.599, -110.055, -428.923, 2.707, -31.040, -120.973, 318.000, 0.048
72.907, -207.401, -391.995, 21.321, -60.653, -114.636, 318.000, 0.045
126.971, -76.323, -412.815, 34.911, -20.985, -113.505, 318.000, 0.046
102.610, 68.895, -401.996, 25.024, 16.802, -98.038, 318.000, 0.047
104.376, -267.367, -348.038, 30.800, -78.897, -102.702, 318.000, 0.048
90.287, -264.303, -357.275, 26.975, -78.967, -106.744, 318.000, 0.044
95.778, -57.925, -436.764, 28.227, -17.071, -128.719, 318.000, 0.048
61.104, -204.077, -398.196, 18.077, -60.373, -117.800, 318.000, 0.047
18.263, -143.042, -431.772, 5.505, -43.117, -130.149, 318.000, 0.047
53.818, -250.560, -363.911, 15.367, -71.545, -103.912, 318.000, 0.048
15.880, -7.123, -431.835, 4.195, -1.882, -114.093, 318.000, 0.047
60.212, -138.011, -424.873, 17.734, -40.649, -125.139, 318.000, 0.045
82.638, -43.384, -446.560, 25.035, -13.143, -135.286, 318.000, 0.047
-9.650, -416.883, -121.816, -2.586, -111.723, -32.646, 318.000, 0.048
-58.815, -404.706, 164.802, -16.396, -112.821, 45.942, 318.000, 0.047
-30.526, -370.933, 262.201, -9.204, -111.842, 79.058, 318.000, 0.045
37.620, -116.039, 431.693, 10.952, -33.782, 125.676, 318.000, 0.047
-115.015, -303.231, 313.224, -33.895, -89.363, 92.308, 318.000, 0.047
-0.423, -237.288, 397.370, -0.132, -74.252, 124.344, 318.000, 0.047
-12.331, -263.909, 371.677, -3.732, -79.870, 112.486, 318.000, 0.046
44.773, -309.974, 307.504, 12.334, -85.394, 84.713, 318.000, 0.047
-97.521, -186.915, 392.910, -27.972, -53.614, 112.700, 318.000, 0.048
-84.173, -214.812, 366.893, -22.413, -57.199, 97.694, 318.000, 0.045
-198.303, -212.981, 306.490, -49.096, -52.730, 75.881, 318.000, 0.048
251.143, 87.217, 198.071, 10.249, 3.559, 8.083, 318.000, 0.048
82.449, -79.728, 376.865, 15.892, -15.368, 72.642, 318.000, 0.043
-76.897, -176.247, 374.149, -18.768, -43.016, 91.316, 318.000, 0.046
-334.904, -222.955, 121.690, -81.533, -54.279, 29.626, 318.000, 0.046
-349.406, -215.184, 124.504, -90.300, -55.612, 32.177, 318.000, 0.043
-209.596, -333.781, 232.301, -63.909, -101.774, 70.832, 318.000, 0.045
-17.465, -382.524, 104.497, -3.473, -76.061, 20.778, 318.000, 0.045
-141.483, -184.590, 429.908, -49.435, -64.497, 150.213, 318.000, 0.045
37.943, 141.739, 416.121, 10.597, 39.586, 116.219, 318.000, 0.046
81.403, 15.758, 445.293, 24.252, 4.695, 132.666, 318.000, 0.046
-36.825, 91.897, 409.705, -9.042, 22.565, 100.601, 318.000, 0.047
-105.868, 1.346, 407.733, -25.950, 0.330, 99.941, 318.000, 0.045
-93.474, -3.148, 399.788, -21.077, -0.710, 90.149, 318.000, 0.047
-113.978, -221.617, 303.598, -21.700, -42.193, 57.801, 318.000, 0.049
-113.675, -171.167, 317.368, -18.063, -27.199, 50.431, 318.000, 0.045
-80.630, -182.497, 315.342, -11.918, -26.976, 46.612, 318.000, 0.046
-71.765, -158.771, 326.732, -10.134, -22.419, 46.136, 318.000, 0.048
-41.888, -184.209, 323.900, -6.364, -27.985, 49.207, 318.000, 0.045
-31.206, -222.142, 293.653, -4.352, -30.977, 40.949, 318.000, 0.047
-10.687, -188.327, 308.951, -1.298, -22.883, 37.539, 318.000, 0.048
-7.664, -209.080, 275.166, -0.614, -16.738, 22.029, 318.000, 0.047
-31.573, -156.845, 298.144, -1.900, -9.438, 17.940, 318.000, 0.048
-10.916, -186.922, 268.721, -0.317, -5.434, 7.812, 318.000, 0.048
-3.003, -146.542, 286.127, -0.033, -1.588, 3.101, 318.000, 0.046
8.136, -186.365, 265.124, 0.155, -3.549, 5.049, 318.000, 0.046
12.881, -179.785, 267.244, 0.174, -2.425, 3.604, 318.000, 0.045
-73.962, 6.338, 263.902, 11.832, -1.014, -42.218, 318.000, 0.048
-49.605, 8.356, 272.480, 7.325, -1.234, -40.235, 318.000, 0.046
-3.918, -83.947, 279.669, 0.349, 7.468, -24.879, 318.000, 0.047
-6.934, -29.698, 260.509, 1.473, 6.308, -55.334, 318.000, 0.046
-15.519, -30.354, 246.798, 4.289, 8.389, -68.211, 318.000, 0.051
-13.213, -11.421, 232.599, 4.801, 4.150, -84.508, 318.000, 0.045
-12.157, -39.292, 227.768, 4.546, 14.693, -85.170, 318.000, 0.047
-11.582, -32.053, 222.713, 4.765, 13.187, -91.628, 318.000, 0.048
-2.601, -15.488, 213.457, 1.263, 7.523, -103.686, 318.000, 0.049
-3.327, -14.682, 209.627, 1.707, 7.533, -107.556, 318.000, 0.045
-3.742, -15.714, 202.593, 2.113, 8.873, -114.401, 318.000, 0.046
-10.714, -36.918, 202.139, 5.844, 20.138, -110.262, 318.000, 0.046
-11.135, -37.332, 194.198, 6.743, 22.605, -117.590, 318.000, 0.049
-3.402, -10.890, 179.317, 2.619, 8.383, -138.042, 318.000, 0.047
-42.893, 9.596, 175.909, 32.334, -7.234, -132.606, 318.000, 0.048
-53.201, 17.472, 165.245, 43.764, -14.373, -135.933, 318.000, 0.049
-53.342, 32.740, 158.267, 46.325, -28.434, -137.449, 318.000, 0.048
-47.439, 47.482, 149.701, 44.513, -44.553, -140.468, 318.000, 0.048
-37.772, 51.562, 133.935, 43.166, -58.925, -153.059, 318.000, 0.048
-33.902, 53.532, 126.173, 42.454, -67.038, -158.004, 318.000, 0.047
-18.205, 39.306, 122.046, 26.497, -57.210, -177.638, 318.000, 0.049
-16.711, 38.524, 121.332, 24.678, -56.891, -179.179, 318.000, 0.046
-16.959, 40.465, 120.575, 25.072, -59.823, -178.256, 318.000, 0.048
-16.486, 40.014, 120.154, 24.564, -59.622, -179.030, 318.000, 0.048
-16.441, 40.224, 120.279, 24.441, -59.796, -178.801, 318.000, 0.047
-16.400, 39.979, 120.401, 24.369, -59.405, -178.906, 318.000, 0.047
-16.177, 40.269, 120.178, 24.084, -59.952, -178.919, 318.000, 0.050
-16.338, 40.975, 120.418, 24.175, -60.628, -178.178, 318.000, 0.047
-16.310, 41.019, 120.339, 24.154, -60.745, -178.208, 318.000, 0.047
-16.173, 40.936, 120.166, 24.014, -60.786, -178.433, 318.000, 0.051
-15.971, 41.259, 119.861, 23.780, -61.432, -178.465, 318.000, 0.046
-16.046, 41.075, 119.756, 23.938, -61.277, -178.655, 318.000, 0.047
-15.829, 40.754, 119.590, 23.703, -61.026, -179.078, 318.000, 0.050
-15.974, 41.432, 119.812, 23.781, -61.681, -178.368, 318.000, 0.046
-15.925, 41.489, 119.896, 23.680, -61.692, -178.280, 318.000, 0.047
-15.888, 41.185, 119.874, 23.663, -61.339, -178.535, 318.000, 0.050
-15.912, 41.274, 119.896, 23.682, -61.431, -178.447, 318.000, 0.045
-16.034, 41.679, 119.973, 23.796, -61.855, -178.051, 318.000, 0.048
-16.198, 42.052, 119.847, 24.032, -62.389, -177.806, 318.000, 0.050
-15.921, 41.876, 119.648, 23.707, -62.355, -178.160, 318.000, 0.045
-15.854, 41.577, 119.505, 23.681, -62.104, -178.507, 318.000, 0.047
-15.659, 41.298, 119.562, 23.408, -61.737, -178.735, 318.000, 0.050
-15.545, 41.249, 119.636, 23.227, -61.632, -178.753, 318.000, 0.046
-15.445, 41.433, 119.665, 23.055, -61.846, -178.622, 318.000, 0.047
-15.416, 41.252, 119.713, 23.016, -61.591, -178.733, 318.000, 0.050
-15.471, 41.279, 119.730, 23.090, -61.605, -178.686, 318.000, 0.047
-15.576, 41.833, 119.704, 23.195, -62.294, -178.253, 318.000, 0.048
-15.465, 41.473, 119.633, 23.088, -61.918, -178.609, 318.000, 0.051
-15.209, 40.678, 119.471, 22.837, -61.082, -179.395, 318.000, 0.046
-15.345, 41.791, 119.708, 22.861, -62.262, -178.348, 318.000, 0.050
-15.340, 41.772, 119.590, 22.890, -62.330, -178.445, 318.000, 0.047
-15.540, 42.124, 119.489, 23.175, -62.818, -178.189, 318.000, 0.045
-15.741, 42.820, 119.617, 23.359, -63.543, -177.506, 318.000, 0.050
-15.574, 42.370, 119.508, 23.194, -63.099, -177.977, 318.000, 0.047
-15.733, 42.714, 119.550, 23.377, -63.467, -177.637, 318.000, 0.047
-15.713, 42.093, 119.430, 23.446, -62.807, -178.205, 318.000, 0.049
-15.579, 41.760, 119.294, 23.323, -62.518, -178.593, 318.000, 0.047
-15.478, 41.855, 119.345, 23.152, -62.606, -178.514, 318.000, 0.048
-15.757, 42.557, 119.414, 23.468, -63.381, -177.844, 318.000, 0.049
-15.772, 42.454, 119.481, 23.480, -63.203, -177.874, 318.000, 0.047
-15.658, 42.285, 119.397, 23.355, -63.073, -178.095, 318.000, 0.048
-15.737, 42.276, 119.368, 23.481, -63.076, -178.100, 318.000, 0.049
-15.642, 42.098, 119.274, 23.387, -62.942, -178.329, 318.000, 0.048
-15.682, 42.015, 119.350, 23.431, -62.778, -178.328, 318.000, 0.048
-15.505, 42.352, 119.483, 23.103, -63.104, -178.028, 318.000, 0.049
-15.669, 42.312, 119.450, 23.354, -63.064, -178.035, 318.000, 0.047
-16.047, 42.741, 119.600, 23.814, -63.430, -177.491, 318.000, 0.047
-15.876, 42.341, 119.465, 23.648, -63.067, -177.943, 318.000, 0.049
-16.232, 42.253, 119.536, 24.152, -62.868, -177.857, 318.000, 0.047
-16.178, 42.450, 119.580, 24.040, -63.078, -177.691, 318.000, 0.048
-15.843, 41.942, 119.480, 23.636, -62.572, -178.248, 318.000, 0.049
-16.054, 41.752, 119.415, 23.981, -62.368, -178.377, 318.000, 0.047
-15.941, 41.777, 119.485, 23.794, -62.357, -178.343, 318.000, 0.048
-15.761, 41.453, 119.455, 23.573, -61.999, -178.663, 318.000, 0.047
-15.960, 41.728, 119.565, 23.803, -62.233, -178.319, 318.000, 0.047
-15.967, 41.935, 119.775, 23.730, -62.326, -178.013, 318.000, 0.048
-16.281, 42.346, 120.111, 24.043, -62.535, -177.375, 318.000, 0.049
-16.315, 42.406, 120.180, 24.065, -62.551, -177.271, 318.000, 0.048
-16.405, 42.672, 120.229, 24.152, -62.825, -177.008, 318.000, 0.050
-16.382, 42.908, 120.233, 24.094, -63.105, -176.831, 318.000, 0.046
-16.105, 42.738, 120.133, 23.744, -63.008, -177.111, 318.000, 0.047
-15.958, 41.894, 120.003, 23.655, -62.102, -177.888, 318.000, 0.049
-16.049, 42.268, 120.087, 23.725, -62.483, -177.519, 318.000, 0.047
-16.020, 42.255, 119.916, 23.733, -62.601, -177.656, 318.000, 0.048
-15.877, 42.199, 119.863, 23.549, -62.588, -177.776, 318.000, 0.050
-15.982, 42.130, 119.800, 23.725, -62.541, -177.843, 318.000, 0.045
-15.787, 42.327, 119.911, 23.392, -62.716, -177.671, 318.000, 0.047
-15.764, 42.033, 119.802, 23.419, -62.444, -177.978, 318.000, 0.050
-15.739, 42.387, 119.882, 23.325, -62.814, -177.659, 318.000, 0.046
-15.750, 41.797, 119.664, 23.463, -62.264, -178.258, 318.000, 0.047
-15.808, 41.739, 119.896, 23.485, -62.010, -178.124, 318.000, 0.050
-16.049, 41.971, 120.045, 23.767, -62.155, -177.775, 318.000, 0.046
-16.226, 42.064, 119.945, 24.041, -62.325, -177.721, 318.000, 0.047
-15.835, 41.591, 119.637, 23.615, -62.023, -178.410, 318.000, 0.051
-15.769, 41.809, 119.658, 23.491, -62.281, -178.248, 318.000, 0.046
-15.865, 42.050, 119.652, 23.607, -62.571, -178.040, 318.000, 0.048
-15.838, 41.788, 119.434, 23.657, -62.419, -178.399, 318.000, 0.049
-15.985, 41.903, 119.381, 23.876, -62.585, -178.306, 318.000, 0.047
-15.659, 41.815, 119.326, 23.426, -62.553, -178.505, 318.000, 0.046
-15.737, 41.718, 119.309, 23.553, -62.439, -178.570, 318.000, 0.049
-15.835, 42.188, 119.450, 23.608, -62.897, -178.083, 318.000, 0.048
-15.895, 42.276, 119.580, 23.649, -62.897, -177.908, 318.000, 0.045
-16.045, 42.578, 119.665, 23.810, -63.182, -177.573, 318.000, 0.050
-16.161, 42.725, 119.727, 23.943, -63.299, -177.383, 318.000, 0.048
-16.021, 42.373, 119.575, 23.822, -63.006, -177.800, 318.000, 0.048
-15.587, 42.176, 119.534, 23.224, -62.842, -178.105, 318.000, 0.047
-15.670, 42.436, 119.661, 23.283, -63.052, -177.794, 318.000, 0.048
-15.725, 42.398, 119.649, 23.370, -63.009, -177.816, 318.000, 0.049
-15.637, 42.482, 119.732, 23.210, -63.055, -177.718, 318.000, 0.047
-15.798, 42.399, 119.775, 23.440, -62.907, -177.707, 318.000, 0.048
-15.928, 42.526, 119.788, 23.609, -63.037, -177.562, 318.000, 0.049
-15.950, 42.075, 119.791, 23.688, -62.485, -177.901, 318.000, 0.046
-15.583, 41.543, 119.686, 23.239, -61.952, -178.485, 318.000, 0.048
-15.754, 41.689, 119.791, 23.442, -62.034, -178.251, 318.000, 0.049
-15.776, 41.773, 119.974, 23.413, -61.996, -178.053, 318.000, 0.047
-15.758, 41.782, 119.965, 23.389, -62.015, -178.058, 318.000, 0.048
-15.947, 41.588, 119.947, 23.687, -61.773, -178.163, 318.000, 0.049
-15.719, 41.280, 119.789, 23.433, -61.537, -178.573, 318.000, 0.048
-15.713, 41.246, 119.830, 23.415, -61.465, -178.571, 318.000, 0.048
-15.608, 41.467, 119.881, 23.227, -61.708, -178.399, 318.000, 0.049
-15.695, 41.426, 119.847, 23.367, -61.675, -178.429, 318.000, 0.047
-15.577, 41.138, 119.890, 23.212, -61.300, -178.649, 318.000, 0.048
-15.590, 41.429, 120.438, 23.047, -61.243, -178.041, 318.000, 0.046
-15.478, 42.686, 122.422, 22.218, -61.274, -175.731, 318.000, 0.047
-15.357, 41.857, 127.883, 20.702, -56.425, -172.391, 318.000, 0.050
-14.624, 35.427, 130.736, 19.511, -47.265, -174.422, 318.000, 0.047
-24.598, 42.271, 137.474, 29.010, -49.853, -162.131, 318.000, 0.049
-25.123, 28.314, 138.712, 30.441, -34.306, -168.071, 318.000, 0.048
-24.840, 11.564, 136.761, 31.794, -14.800, -175.042, 318.000, 0.048
-4.384, -4.073, 118.802, 7.336, 6.815, -198.796, 318.000, 0.048
-10.723, -26.988, 119.958, 16.905, 42.547, -189.115, 318.000, 0.048
-9.751, -36.368, 113.921, 16.093, 60.022, -188.014, 318.000, 0.046
-7.669, -41.945, 107.217, 13.467, 73.655, -188.272, 318.000, 0.048
-6.842, -41.838, 97.656, 13.595, 83.133, -194.043, 318.000, 0.050
-6.360, -37.789, 87.247, 14.864, 88.318, -203.907, 318.000, 0.047
-6.459, -34.998, 81.767, 16.573, 89.804, -209.811, 318.000, 0.047
-7.026, -34.034, 80.565, 18.437, 89.317, -211.428, 318.000, 0.049
-7.611, -33.227, 80.546, 20.061, 87.583, -212.308, 318.000, 0.048
-7.857, -33.086, 80.403, 20.765, 87.436, -212.478, 318.000, 0.048
-8.057, -33.297, 80.161, 21.335, 88.166, -212.255, 318.000, 0.047
-8.283, -33.701, 79.956, 21.937, 89.252, -211.751, 318.000, 0.048
-8.406, -33.858, 79.866, 22.264, 89.681, -211.547, 318.000, 0.049
-8.461, -33.852, 79.797, 22.431, 89.753, -211.565, 318.000, 0.046
-8.483, -33.850, 79.795, 22.490, 89.746, -211.561, 318.000, 0.051
-8.474, -33.920, 79.773, 22.466, 89.924, -211.482, 318.000, 0.046
-8.459, -33.963, 79.745, 22.428, 90.053, -211.442, 318.000, 0.048
-8.487, -33.962, 79.744, 22.502, 90.049, -211.435, 318.000, 0.050
-8.532, -34.121, 79.803, 22.580, 90.298, -211.189, 318.000, 0.047
-8.505, -34.188, 79.838, 22.488, 90.395, -211.095, 318.000, 0.051
-8.512, -34.102, 79.807, 22.529, 90.254, -211.219, 318.000, 0.047
-8.491, -33.995, 79.750, 22.507, 90.110, -211.388, 318.000, 0.049
-8.482, -34.021, 79.712, 22.491, 90.214, -211.372, 318.000, 0.047
-8.487, -34.118, 79.697, 22.497, 90.436, -211.251, 318.000, 0.048
-8.546, -34.209, 79.708, 22.635, 90.603, -211.107, 318.000, 0.048
-8.503, -34.116, 79.611, 22.567, 90.540, -211.283, 318.000, 0.047
-8.508, -34.141, 79.606, 22.577, 90.601, -211.250, 318.000, 0.050
-8.497, -34.226, 79.597, 22.541, 90.791, -211.146, 318.000, 0.048
-8.526, -34.267, 79.640, 22.595, 90.816, -211.066, 318.000, 0.047
-8.538, -34.309, 79.641, 22.620, 90.899, -211.007, 318.000, 0.051
-8.556, -34.187, 79.595, 22.701, 90.704, -211.178, 318.000, 0.047
-8.587, -34.220, 79.607, 22.774, 90.753, -211.120, 318.000, 0.050
-8.607, -34.277, 79.606, 22.818, 90.871, -211.039, 318.000, 0.047
-8.621, -34.413, 79.650, 22.821, 91.092, -210.839, 318.000, 0.050
-8.608, -34.528, 79.666, 22.765, 91.314, -210.685, 318.000, 0.046
-8.582, -34.461, 79.634, 22.718, 91.221, -210.794, 318.000, 0.047
-8.560, -34.329, 79.579, 22.697, 91.021, -210.997, 318.000, 0.050
-8.530, -34.313, 79.556, 22.627, 91.020, -211.038, 318.000, 0.047
-8.549, -34.442, 79.616, 22.639, 91.209, -210.837, 318.000, 0.050
-8.537, -34.418, 79.582, 22.623, 91.207, -210.886, 318.000, 0.048
-8.509, -34.430, 79.571, 22.550, 91.248, -210.884, 318.000, 0.047
-8.565, -34.550, 79.595, 22.672, 91.458, -210.699, 318.000, 0.051
-8.609, -34.647, 79.622, 22.765, 91.619, -210.545, 318.000, 0.048
-8.548, -34.508, 79.527, 22.658, 91.464, -210.785, 318.000, 0.049
-8.564, -34.435, 79.479, 22.724, 91.373, -210.896, 318.000, 0.048
-8.573, -34.357, 79.426, 22.778, 91.278, -211.017, 318.000, 0.047
-8.584, -34.598, 79.439, 22.767, 91.762, -210.689, 318.000, 0.049
-8.559, -34.669, 79.396, 22.706, 91.969, -210.620, 318.000, 0.047
-8.587, -34.715, 79.394, 22.773, 92.063, -210.551, 318.000, 0.050
-8.553, -34.736, 79.380, 22.684, 92.131, -210.539, 318.000, 0.048
-8.587, -34.855, 79.417, 22.743, 92.322, -210.356, 318.000, 0.046
-8.647, -34.821, 79.388, 22.916, 92.281, -210.393, 318.000, 0.050
-8.638, -34.767, 79.382, 22.902, 92.179, -210.470, 318.000, 0.048
-8.644, -34.796, 79.398, 22.909, 92.217, -210.423, 318.000, 0.049
-8.632, -34.775, 79.347, 22.898, 92.242, -210.474, 318.000, 0.046
-8.641, -34.757, 79.338, 22.926, 92.217, -210.498, 318.000, 0.047
-8.618, -34.717, 79.311, 22.880, 92.172, -210.570, 318.000, 0.049
-8.602, -34.705, 79.299, 22.844, 92.167, -210.595, 318.000, 0.047
-8.607, -34.727, 79.284, 22.860, 92.232, -210.570, 318.000, 0.050
-8.597, -34.749, 79.315, 22.819, 92.238, -210.532, 318.000, 0.047
-8.599, -34.802, 79.349, 22.807, 92.301, -210.449, 318.000, 0.051
-8.618, -34.802, 79.325, 22.863, 92.331, -210.451, 318.000, 0.046
-8.580, -34.846, 79.303, 22.766, 92.456, -210.414, 318.000, 0.047
-8.568, -34.664, 79.225, 22.786, 92.183, -210.690, 318.000, 0.049
-8.579, -34.706, 79.234, 22.805, 92.258, -210.627, 318.000, 0.048
-8.537, -34.708, 79.170, 22.716, 92.353, -210.662, 318.000, 0.050
-8.528, -34.776, 79.146, 22.690, 92.528, -210.584, 318.000, 0.047
-8.511, -34.898, 79.176, 22.619, 92.743, -210.414, 318.000, 0.050
-8.545, -35.032, 79.236, 22.670, 92.934, -210.202, 318.000, 0.046
-8.561, -35.043, 79.203, 22.721, 92.999, -210.194, 318.000, 0.047
-8.579, -35.039, 79.193, 22.772, 93.001, -210.197, 318.000, 0.050
-8.617, -35.081, 79.177, 22.868, 93.104, -210.135, 318.000, 0.048
-8.599, -35.002, 79.141, 22.846, 92.992, -210.260, 318.000, 0.049
-8.565, -34.942, 79.130, 22.769, 92.887, -210.355, 318.000, 0.046
-8.585, -34.995, 79.162, 22.802, 92.951, -210.266, 318.000, 0.048
-8.554, -34.934, 79.111, 22.747, 92.898, -210.377, 318.000, 0.050
-8.525, -34.878, 79.060, 22.697, 92.855, -210.480, 318.000, 0.048
-8.536, -34.920, 79.078, 22.713, 92.916, -210.414, 318.000, 0.050
-8.560, -35.037, 79.137, 22.740, 93.076, -210.227, 318.000, 0.046
-8.582, -35.058, 79.194, 22.776, 93.039, -210.171, 318.000, 0.049
-8.562, -35.008, 79.116, 22.756, 93.044, -210.273, 318.000, 0.047
-8.571, -35.014, 79.098, 22.786, 93.078, -210.269, 318.000, 0.047
-8.549, -34.928, 79.063, 22.752, 92.951, -210.404, 318.000, 0.050
-8.521, -34.878, 79.024, 22.697, 92.905, -210.494, 318.000, 0.047
-8.590, -34.922, 79.034, 22.869, 92.971, -210.410, 318.000, 0.049
-8.557, -34.779, 79.003, 22.812, 92.720, -210.624, 318.000, 0.047
-8.563, -34.845, 79.043, 22.807, 92.805, -210.518, 318.000, 0.048
-8.580, -34.849, 79.050, 22.847, 92.802, -210.505, 318.000, 0.049
-8.601, -34.803, 79.020, 22.919, 92.744, -210.570, 318.000, 0.047
-8.606, -35.029, 79.119, 22.866, 93.078, -210.229, 318.000, 0.050
-8.571, -34.957, 79.094, 22.794, 92.966, -210.346, 318.000, 0.048
-8.592, -34.988, 79.115, 22.837, 92.999, -210.290, 318.000, 0.047
-8.546, -35.206, 79.006, 22.722, 93.602, -210.053, 318.000, 0.049
-8.546, -35.251, 78.942, 22.737, 93.780, -210.015, 318.000, 0.047
-8.601, -35.271, 78.928, 22.881, 93.832, -209.975, 318.000, 0.049
-8.654, -35.257, 78.924, 23.025, 93.801, -209.978, 318.000, 0.048
-8.662, -35.450, 78.943, 23.010, 94.172, -209.708, 318.000, 0.046
-8.614, -35.407, 78.922, 22.899, 94.118, -209.790, 318.000, 0.049
-8.593, -35.389, 78.928, 22.843, 94.077, -209.819, 318.000, 0.047
-8.586, -35.407, 78.921, 22.824, 94.124, -209.799, 318.000, 0.050
-8.561, -35.374, 78.930, 22.762, 94.047, -209.849, 318.000, 0.047
-8.533, -35.306, 78.905, 22.706, 93.945, -209.959, 318.000, 0.047
-8.552, -35.338, 78.913, 22.749, 93.997, -209.906, 318.000, 0.051
-8.532, -35.373, 78.920, 22.687, 94.063, -209.863, 318.000, 0.047
-8.516, -35.260, 78.929, 22.659, 93.821, -210.018, 318.000, 0.050
-8.533, -35.255, 78.955, 22.695, 93.774, -210.009, 318.000, 0.046
-8.536, -35.319, 79.014, 22.675, 93.825, -209.900, 318.000, 0.046
-8.460, -35.202, 78.947, 22.516, 93.686, -210.107, 318.000, 0.050
-8.495, -35.279, 79.019, 22.572, 93.742, -209.966, 318.000, 0.047
-8.483, -35.296, 79.030, 22.535, 93.763, -209.943, 318.000, 0.048
-8.477, -35.159, 78.965, 22.559, 93.570, -210.154, 318.000, 0.048
-8.491, -35.299, 78.993, 22.568, 93.818, -209.950, 318.000, 0.048
-8.475, -35.169, 78.960, 22.556, 93.598, -210.143, 318.000, 0.048
-8.486, -35.263, 79.043, 22.544, 93.679, -209.982, 318.000, 0.048
-8.470, -35.162, 78.998, 22.532, 93.533, -210.140, 318.000, 0.051
-8.512, -35.230, 79.053, 22.612, 93.592, -210.015, 318.000, 0.047
-8.518, -35.215, 79.028, 22.639, 93.595, -210.041, 318.000, 0.049
-8.432, -35.032, 78.930, 22.472, 93.361, -210.352, 318.000, 0.047
-8.473, -35.098, 78.961, 22.561, 93.450, -210.238, 318.000, 0.046
-8.555, -35.221, 79.048, 22.728, 93.575, -210.015, 318.000, 0.049
-8.540, -35.629, 79.916, 22.350, 93.247, -209.153, 318.000, 0.047
-8.518, -39.522, 84.225, 20.476, 95.002, -202.457, 318.000, 0.050
-9.494, -42.195, 90.792, 20.526, 91.228, -196.299, 318.000, 0.047
-11.152, -44.009, 97.840, 21.726, 85.741, -190.618, 318.000, 0.046
-14.205, -46.441, 107.074, 24.215, 79.168, -182.530, 318.000, 0.049
-18.536, -48.210, 116.191, 27.820, 72.359, -174.391, 318.000, 0.047
-23.640, -49.088, 124.099, 31.826, 66.088, -167.075, 318.000, 0.048
-28.523, -51.614, 128.373, 35.683, 64.570, -160.596, 318.000, 0.051
-29.975, -46.248, 130.545, 37.293, 57.540, -162.417, 318.000, 0.046
-36.048, -45.552, 133.243, 42.816, 54.104, -158.259, 318.000, 0.047
-42.860, -48.346, 134.332, 48.575, 54.793, -152.244, 318.000, 0.050
-47.069, -50.908, 134.579, 51.802, 56.027, -148.111, 318.000, 0.045
-55.014, -52.927, 136.964, 56.557, 54.411, -140.804, 318.000, 0.049
-61.556, -50.016, 138.896, 60.827, 49.424, -137.252, 318.000, 0.047
-66.346, -44.529, 140.096, 64.469, 43.269, -136.133, 318.000, 0.047
-67.877, -42.677, 139.527, 66.254, 41.657, -136.192, 318.000, 0.048
-69.529, -39.791, 138.181, 68.899, 39.430, -136.929, 318.000, 0.047
-70.145, -39.018, 134.632, 72.165, 40.141, -138.508, 318.000, 0.049
-70.970, -39.701, 131.186, 75.250, 42.095, -139.097, 318.000, 0.047
-69.950, -40.007, 129.865, 75.593, 43.235, -140.343, 318.000, 0.048
-70.105, -39.648, 129.447, 76.123, 43.051, -140.558, 318.000, 0.048
-70.579, -39.242, 129.336, 76.618, 42.600, -140.403, 318.000, 0.046
-70.847, -39.457, 129.151, 76.887, 42.821, -140.161, 318.000, 0.048
-70.904, -39.168, 129.067, 77.064, 42.571, -140.281, 318.000, 0.046
-70.465, -38.713, 129.116, 76.857, 42.225, -140.827, 318.000, 0.048
-70.390, -38.640, 129.169, 76.783, 42.150, -140.900, 318.000, 0.048
-70.131, -38.898, 129.251, 76.485, 42.422, -140.961, 318.000, 0.047
-70.508, -38.868, 129.109, 76.852, 42.365, -140.725, 318.000, 0.050
-71.348, -38.887, 128.970, 77.495, 42.238, -140.081, 318.000, 0.047
-71.027, -38.467, 129.014, 77.360, 41.897, -140.517, 318.000, 0.047
-71.070, -39.058, 128.954, 77.290, 42.476, -140.240, 318.000, 0.050
-70.483, -38.927, 129.063, 76.858, 42.448, -140.738, 318.000, 0.046
-70.251, -38.768, 129.085, 76.731, 42.344, -140.991, 318.000, 0.047
-69.892, -38.674, 129.056, 76.545, 42.355, -141.341, 318.000, 0.047
-70.584, -38.934, 128.984, 76.987, 42.466, -140.684, 318.000, 0.050
-70.562, -38.389, 129.028, 77.071, 41.930, -140.930, 318.000, 0.045
-70.417, -38.404, 128.911, 77.071, 42.033, -141.091, 318.000, 0.048
-70.770, -38.682, 128.933, 77.210, 42.202, -140.666, 318.000, 0.050
-70.603, -38.982, 128.895, 77.060, 42.547, -140.683, 318.000, 0.047
-70.705, -38.852, 128.834, 77.208, 42.425, -140.683, 318.000, 0.048
-70.458, -38.662, 128.931, 77.017, 42.261, -140.933, 318.000, 0.047
-70.395, -38.639, 128.907, 77.001, 42.266, -141.005, 318.000, 0.048
-70.731, -38.876, 128.897, 77.167, 42.414, -140.626, 318.000, 0.046
-70.224, -38.860, 128.923, 76.824, 42.512, -141.040, 318.000, 0.047
-69.557, -38.646, 128.866, 76.488, 42.497, -141.708, 318.000, 0.049
-70.055, -38.291, 128.951, 76.831, 41.995, -141.424, 318.000, 0.048
-71.005, -38.416, 128.906, 77.448, 41.902, -140.603, 318.000, 0.048
-67.892, -36.564, 130.140, 74.831, 40.301, -143.440, 318.000, 0.047
-69.567, -37.752, 129.175, 76.459, 41.492, -141.972, 318.000, 0.046
-70.251, -38.327, 129.011, 76.900, 41.954, -141.221, 318.000, 0.046
-70.248, -38.903, 128.940, 76.814, 42.540, -140.993, 318.000, 0.048
-70.110, -38.625, 128.881, 76.843, 42.334, -141.258, 318.000, 0.046
-69.951, -38.283, 128.908, 76.801, 42.032, -141.532, 318.000, 0.048
-70.188, -38.316, 128.926, 76.932, 41.997, -141.314, 318.000, 0.048
-69.818, -38.106, 129.028, 76.659, 41.840, -141.670, 318.000, 0.048
-70.465, -37.829, 129.019, 77.152, 41.420, -141.264, 318.000, 0.048
-70.199, -38.073, 128.934, 76.992, 41.757, -141.410, 318.000, 0.048
-70.484, -38.602, 128.851, 77.115, 42.233, -140.972, 318.000, 0.049
-70.221, -38.715, 128.812, 76.949, 42.424, -141.153, 318.000, 0.046
-69.711, -38.365, 128.835, 76.684, 42.203, -141.723, 318.000, 0.047
-69.406, -37.746, 128.784, 76.677, 41.700, -142.274, 318.000, 0.050
-69.652, -37.998, 128.821, 76.747, 41.868, -141.943, 318.000, 0.048
-70.149, -38.168, 128.701, 77.129, 41.966, -141.506, 318.000, 0.047
-70.037, -38.345, 128.761, 76.963, 42.137, -141.494, 318.000, 0.046
-69.681, -37.985, 128.807, 76.780, 41.855, -141.930, 318.000, 0.045
-69.884, -38.409, 128.730, 76.873, 42.250, -141.604, 318.000, 0.047
-69.137, -38.496, 128.793, 76.308, 42.489, -142.152, 318.000, 0.046
-68.774, -38.313, 128.850, 76.064, 42.374, -142.509, 318.000, 0.050
-69.258, -38.456, 128.830, 76.368, 42.404, -142.055, 318.000, 0.047
-69.647, -38.487, 128.850, 76.600, 42.330, -141.713, 318.000, 0.046
-69.610, -38.978, 128.815, 76.484, 42.827, -141.535, 318.000, 0.049
-70.025, -38.979, 128.811, 76.757, 42.726, -141.195, 318.000, 0.047
-69.382, -38.683, 128.715, 76.489, 42.645, -141.898, 318.000, 0.046
-69.809, -38.513, 128.875, 76.679, 42.303, -141.558, 318.000, 0.047
-69.598, -38.534, 128.901, 76.514, 42.363, -141.711, 318.000, 0.049
-69.495, -38.334, 128.942, 76.462, 42.178, -141.869, 318.000, 0.043
-69.581, -38.183, 128.800, 76.672, 42.074, -141.927, 318.000, 0.046
-70.612, -38.721, 128.680, 77.308, 42.393, -140.883, 318.000, 0.049
-70.774, -38.457, 128.862, 77.327, 42.018, -140.794, 318.000, 0.046
-70.052, -38.371, 128.893, 76.858, 42.099, -141.415, 318.000, 0.047
-70.551, -39.077, 128.822, 77.063, 42.684, -140.713, 318.000, 0.050
-70.638, -38.833, 128.816, 77.185, 42.431, -140.755, 318.000, 0.046
-70.588, -38.473, 128.854, 77.211, 42.083, -140.943, 318.000, 0.048
-70.811, -38.252, 128.476, 77.720, 41.985, -141.013, 318.000, 0.048
-70.084, -38.194, 128.776, 77.018, 41.972, -141.517, 318.000, 0.049
-70.466, -38.290, 128.780, 77.239, 41.970, -141.156, 318.000, 0.048
-70.521, -37.937, 128.781, 77.359, 41.616, -141.269, 318.000, 0.048
-70.046, -37.914, 128.923, 76.941, 41.646, -141.612, 318.000, 0.047
-70.559, -38.547, 128.868, 77.162, 42.154, -140.927, 318.000, 0.047
-70.990, -39.042, 128.805, 77.366, 42.549, -140.374, 318.000, 0.047
-70.680, -39.275, 128.778, 77.132, 42.861, -140.534, 318.000, 0.049
-71.026, -38.940, 128.554, 77.621, 42.556, -140.493, 318.000, 0.048
-71.429, -39.207, 128.507, 77.849, 42.731, -140.057, 318.000, 0.047
-71.035, -38.821, 128.556, 77.656, 42.440, -140.538, 318.000, 0.049
-70.814, -38.831, 128.617, 77.462, 42.476, -140.692, 318.000, 0.046
-71.617, -39.046, 128.539, 77.981, 42.516, -139.960, 318.000, 0.048
-70.739, -38.819, 128.514, 77.502, 42.530, -140.802, 318.000, 0.049
-70.304, -38.299, 128.634, 77.252, 42.084, -141.347, 318.000, 0.047
-70.514, -38.472, 128.690, 77.298, 42.173, -141.072, 318.000, 0.048
-70.394, -38.142, 128.699, 77.295, 41.881, -141.317, 318.000, 0.048
-70.023, -38.258, 128.694, 77.030, 42.086, -141.573, 318.000, 0.048
-70.084, -38.552, 128.696, 76.996, 42.354, -141.389, 318.000, 0.046
-69.870, -38.534, 128.728, 76.835, 42.375, -141.560, 318.000, 0.048
-69.498, -38.334, 128.733, 76.636, 42.271, -141.955, 318.000, 0.049
-70.240, -38.577, 128.744, 77.052, 42.318, -141.228, 318.000, 0.048
-71.096, -38.875, 128.645, 77.607, 42.436, -140.427, 318.000, 0.047
-71.190, -38.694, 128.689, 77.675, 42.220, -140.413, 318.000, 0.049
-71.062, -38.395, 128.686, 77.672, 41.966, -140.655, 318.000, 0.047
-70.803, -38.337, 128.707, 77.504, 41.965, -140.887, 318.000, 0.048
-70.963, -38.545, 128.621, 77.625, 42.164, -140.696, 318.000, 0.048
-70.941, -38.655, 128.635, 77.573, 42.268, -140.659, 318.000, 0.050
-71.011, -38.452, 128.657, 77.649, 42.047, -140.683, 318.000, 0.047
-70.746, -38.852, 128.697, 77.348, 42.477, -140.706, 318.000, 0.047
-70.971, -39.066, 128.722, 77.416, 42.614, -140.412, 318.000, 0.049
-71.605, -38.768, 128.662, 77.941, 42.199, -140.046, 318.000, 0.048
-71.041, -38.987, 128.568, 77.608, 42.591, -140.453, 318.000, 0.046
-70.864, -39.075, 128.517, 77.515, 42.743, -140.580, 318.000, 0.051
-70.808, -38.681, 128.470, 77.618, 42.401, -140.824, 318.000, 0.045
-70.786, -38.581, 128.530, 77.579, 42.283, -140.864, 318.000, 0.047
-70.497, -38.675, 128.441, 77.443, 42.486, -141.097, 318.000, 0.048
-70.818, -38.402, 128.430, 77.726, 42.148, -140.958, 318.000, 0.049
-70.751, -38.967, 128.410, 77.559, 42.717, -140.766, 318.000, 0.047
-70.583, -38.845, 128.423, 77.471, 42.636, -140.956, 318.000, 0.047
-70.301, -38.808, 128.463, 77.265, 42.653, -141.189, 318.000, 0.051
-70.208, -38.686, 128.319, 77.354, 42.624, -141.381, 318.000, 0.046
-70.367, -39.125, 128.250, 77.405, 43.038, -141.076, 318.000, 0.047
-70.621, -39.271, 128.135, 77.627, 43.167, -140.846, 318.000, 0.050
-70.605, -39.578, 128.055, 77.605, 43.502, -140.749, 318.000, 0.046
-71.361, -39.896, 127.800, 78.216, 43.728, -140.076, 318.000, 0.049
-71.702, -46.152, 125.279, 78.756, 50.692, -137.604, 318.000, 0.049
-69.204, -54.671, 122.217, 76.813, 60.681, -135.653, 318.000, 0.047
-63.296, -59.275, 119.303, 73.176, 68.527, -137.925, 318.000, 0.048
-49.138, -58.695, 112.767, 65.510, 78.252, -150.341, 318.000, 0.047
-33.546, -50.218, 100.278, 57.584, 86.203, -172.134, 318.000, 0.048
-24.274, -38.549, 88.029, 53.605, 85.128, -194.394, 318.000, 0.047
-20.372, -31.918, 80.957, 52.113, 81.648, -207.092, 318.000, 0.048
-17.321, -26.733, 74.742, 50.472, 77.901, -217.798, 318.000, 0.049
-17.546, -28.490, 74.599, 50.699, 82.320, -215.552, 318.000, 0.047
-15.972, -26.584, 73.221, 47.901, 79.729, -219.596, 318.000, 0.050
-14.979, -24.600, 72.171, 46.321, 76.073, -223.178, 318.000, 0.047
-14.354, -23.360, 71.009, 45.613, 74.231, -225.646, 318.000, 0.046
-13.786, -22.264, 69.208, 45.460, 73.415, -228.214, 318.000, 0.050
-13.740, -21.982, 68.173, 46.167, 73.858, -229.064, 318.000, 0.046
-13.702, -21.750, 67.334, 46.754, 74.214, -229.752, 318.000, 0.047
-13.812, -21.749, 66.842, 47.500, 74.796, -229.880, 318.000, 0.051
-13.796, -21.689, 66.581, 47.675, 74.949, -230.078, 318.000, 0.044
-13.751, -21.595, 66.533, 47.589, 74.735, -230.254, 318.000, 0.045
-13.702, -21.511, 66.452, 47.513, 74.594, -230.433, 318.000, 0.047
-13.794, -21.414, 66.399, 47.885, 74.338, -230.504, 318.000, 0.046
-13.804, -21.333, 66.352, 47.978, 74.147, -230.617, 318.000, 0.048
-13.747, -21.289, 66.322, 47.824, 74.063, -230.732, 318.000, 0.050
-13.732, -21.276, 66.354, 47.754, 73.987, -230.746, 318.000, 0.047
-13.723, -21.362, 66.503, 47.579, 74.066, -230.582, 318.000, 0.047
-13.672, -21.422, 66.579, 47.337, 74.169, -230.514, 318.000, 0.051
-13.635, -21.370, 66.523, 47.272, 74.088, -230.633, 318.000, 0.047
-13.636, -21.395, 66.579, 47.225, 74.095, -230.577, 318.000, 0.048
-13.630, -21.426, 66.593, 47.187, 74.176, -230.536, 318.000, 0.050
-13.582, -21.294, 66.467, 47.162, 73.941, -230.794, 318.000, 0.046
-13.574, -21.277, 66.486, 47.124, 73.866, -230.814, 318.000, 0.048
-13.541, -21.201, 66.425, 47.083, 73.715, -230.963, 318.000, 0.050
-13.570, -21.340, 66.540, 47.051, 73.992, -230.716, 318.000, 0.048
-13.610, -21.395, 66.589, 47.130, 74.088, -230.594, 318.000, 0.046
-13.606, -21.436, 66.621, 47.081, 74.176, -230.532, 318.000, 0.049
-13.576, -21.362, 66.579, 47.034, 74.009, -230.667, 318.000, 0.048
-13.552, -21.300, 66.523, 47.016, 73.895, -230.788, 318.000, 0.046
-13.537, -21.255, 66.497, 46.999, 73.794, -230.867, 318.000, 0.050
-13.569, -21.347, 66.565, 47.026, 73.984, -230.696, 318.000, 0.045
-13.567, -21.307, 66.542, 47.048, 73.888, -230.758, 318.000, 0.049
-13.580, -21.295, 66.543, 47.093, 73.850, -230.762, 318.000, 0.047
-13.525, -21.223, 66.456, 47.001, 73.750, -230.934, 318.000, 0.047
-13.489, -21.209, 66.467, 46.876, 73.703, -230.976, 318.000, 0.050
-13.480, -21.187, 66.419, 46.888, 73.696, -231.032, 318.000, 0.046
-13.525, -21.266, 66.508, 46.945, 73.816, -230.858, 318.000, 0.048
-13.525, -21.070, 66.379, 47.099, 73.375, -231.158, 318.000, 0.049
-13.501, -21.109, 66.389, 47.001, 73.489, -231.126, 318.000, 0.047
-13.522, -21.280, 66.538, 46.910, 73.824, -230.829, 318.000, 0.049
-13.564, -21.406, 66.656, 46.922, 74.050, -230.587, 318.000, 0.049
-13.536, -21.262, 66.524, 46.973, 73.783, -230.846, 318.000, 0.048
-13.532, -21.250, 66.518, 46.965, 73.756, -230.868, 318.000, 0.047
-13.538, -21.283, 66.537, 46.964, 73.831, -230.813, 318.000, 0.050
-13.568, -21.339, 66.576, 47.016, 73.944, -230.702, 318.000, 0.047
-13.536, -21.262, 66.514, 46.979, 73.796, -230.851, 318.000, 0.047
-13.534, -21.214, 66.505, 46.992, 73.657, -230.917, 318.000, 0.049
-13.510, -21.267, 66.532, 46.879, 73.795, -230.857, 318.000, 0.047
-13.559, -21.368, 66.624, 46.940, 73.975, -230.653, 318.000, 0.048
-13.529, -21.319, 66.563, 46.902, 73.911, -230.764, 318.000, 0.048
-13.513, -21.213, 66.483, 46.942, 73.687, -230.944, 318.000, 0.047
-13.519, -21.234, 66.491, 46.948, 73.741, -230.910, 318.000, 0.050
-13.544, -21.282, 66.531, 46.989, 73.831, -230.812, 318.000, 0.046
-13.546, -21.323, 66.561, 46.961, 73.921, -230.746, 318.000, 0.048
-13.530, -21.173, 66.423, 47.054, 73.636, -231.007, 318.000, 0.049
-13.506, -21.112, 66.368, 47.035, 73.524, -231.126, 318.000, 0.047
-13.511, -21.180, 66.418, 46.995, 73.669, -231.015, 318.000, 0.048
-13.520, -21.269, 66.486, 46.949, 73.855, -230.867, 318.000, 0.049
-13.503, -21.290, 66.506, 46.870, 73.900, -230.846, 318.000, 0.046
-13.484, -21.162, 66.407, 46.917, 73.634, -231.065, 318.000, 0.048
-13.463, -21.113, 66.383, 46.881, 73.517, -231.153, 318.000, 0.050
-13.487, -21.198, 66.454, 46.881, 73.684, -230.997, 318.000, 0.047
-13.506, -21.224, 66.494, 46.906, 73.711, -230.931, 318.000, 0.046
-13.468, -21.205, 66.460, 46.812, 73.705, -230.999, 318.000, 0.050
-13.484, -21.205, 66.471, 46.855, 73.687, -230.983, 318.000, 0.047
-13.464, -21.083, 66.365, 46.905, 73.447, -231.198, 318.000, 0.047
-13.482, -21.186, 66.439, 46.880, 73.669, -231.022, 318.000, 0.050
-13.510, -21.225, 66.485, 46.925, 73.725, -230.931, 318.000, 0.049
-13.480, -21.148, 66.403, 46.911, 73.595, -231.088, 318.000, 0.045
-13.512, -21.305, 66.518, 46.886, 73.927, -230.815, 318.000, 0.048
-13.468, -21.194, 66.429, 46.840, 73.708, -231.028, 318.000, 0.046
-13.450, -21.157, 66.377, 46.831, 73.664, -231.110, 318.000, 0.046
-13.503, -21.277, 66.490, 46.886, 73.878, -230.870, 318.000, 0.050
-13.481, -21.194, 66.424, 46.887, 73.712, -231.020, 318.000, 0.047
-13.503, -21.200, 66.475, 46.916, 73.662, -230.972, 318.000, 0.047
-13.490, -21.185, 66.457, 46.892, 73.642, -231.009, 318.000, 0.050
-13.765, -21.863, 67.122, 47.097, 74.802, -229.653, 318.000, 0.049
-13.588, -21.392, 66.640, 47.018, 74.020, -230.593, 318.000, 0.050
-13.545, -21.200, 66.501, 47.036, 73.616, -230.928, 318.000, 0.048
-13.545, -21.188, 66.477, 47.058, 73.609, -230.953, 318.000, 0.047
-13.506, -21.140, 66.390, 47.011, 73.581, -231.082, 318.000, 0.049
-13.547, -21.181, 66.466, 47.074, 73.603, -230.965, 318.000, 0.046
-13.519, -21.163, 66.449, 47.000, 73.574, -231.018, 318.000, 0.048
-13.483, -21.125, 66.403, 46.927, 73.526, -231.113, 318.000, 0.048
-13.489, -21.126, 66.414, 46.938, 73.513, -231.103, 318.000, 0.047
-13.502, -21.199, 66.460, 46.926, 73.678, -230.981, 318.000, 0.047
-13.525, -21.253, 66.489, 46.964, 73.802, -230.882, 318.000, 0.050
-13.538, -21.248, 66.510, 46.994, 73.757, -230.869, 318.000, 0.048
-13.542, -21.326, 66.560, 46.948, 73.931, -230.746, 318.000, 0.048
-13.539, -21.317, 66.553, 46.945, 73.914, -230.763, 318.000, 0.048
-13.552, -21.309, 66.545, 46.995, 73.895, -230.767, 318.000, 0.048
-13.540, -21.287, 66.562, 46.947, 73.810, -230.796, 318.000, 0.048
-13.508, -21.104, 66.400, 47.017, 73.459, -231.121, 318.000, 0.049
-13.534, -21.190, 66.493, 47.007, 73.600, -230.953, 318.000, 0.047
-13.521, -21.109, 66.421, 47.043, 73.444, -231.095, 318.000, 0.048
-13.545, -21.163, 66.465, 47.072, 73.551, -230.989, 318.000, 0.049
-13.507, -21.128, 66.401, 47.009, 73.531, -231.091, 318.000, 0.048
-13.536, -21.203, 66.478, 47.023, 73.659, -230.941, 318.000, 0.048
-13.561, -21.287, 66.554, 47.024, 73.814, -230.783, 318.000, 0.049
-13.599, -21.314, 66.607, 47.099, 73.823, -230.696, 318.000, 0.049
-13.554, -21.287, 66.541, 47.011, 73.835, -230.794, 318.000, 0.048
-13.525, -21.174, 66.459, 47.010, 73.594, -230.994, 318.000, 0.049
-13.515, -21.101, 66.434, 47.014, 73.404, -231.104, 318.000, 0.048
-13.526, -21.210, 66.499, 46.973, 73.655, -230.931, 318.000, 0.048
-13.494, -21.079, 66.394, 46.983, 73.391, -231.166, 318.000, 0.050
-13.432, -21.025, 66.312, 46.854, 73.341, -231.319, 318.000, 0.046
-13.444, -20.994, 66.294, 46.918, 73.268, -231.356, 318.000, 0.048
-13.473, -21.035, 66.365, 46.946, 73.295, -231.251, 318.000, 0.049
-13.484, -21.088, 66.414, 46.932, 73.397, -231.154, 318.000, 0.047
-13.489, -21.093, 66.397, 46.962, 73.433, -231.151, 318.000, 0.050
-13.492, -21.187, 66.458, 46.899, 73.644, -231.005, 318.000, 0.046
-13.487, -21.119, 66.417, 46.932, 73.489, -231.111, 318.000, 0.046
-13.516, -21.170, 66.468, 46.973, 73.574, -231.003, 318.000, 0.049
-13.505, -21.138, 66.436, 46.970, 73.518, -231.066, 318.000, 0.047
-13.501, -21.157, 66.452, 46.941, 73.557, -231.038, 318.000, 0.046
-13.493, -21.149, 66.433, 46.932, 73.558, -231.062, 318.000, 0.051
-13.475, -21.149, 66.421, 46.880, 73.578, -231.082, 318.000, 0.047
-13.514, -21.268, 66.538, 46.888, 73.787, -230.851, 318.000, 0.047
-13.472, -21.174, 66.541, 46.768, 73.507, -231.000, 318.000, 0.050
-13.336, -21.293, 67.065, 45.880, 73.255, -230.724, 318.000, 0.048
-12.521, -21.629, 69.171, 41.616, 71.890, -229.907, 318.000, 0.101
-11.528, -22.246, 72.101, 36.497, 70.434, -228.279, 318.000, 0.044
-10.808, -22.394, 74.940, 32.720, 67.798, -226.879, 318.000, 0.048
-9.777, -22.335, 78.496, 28.048, 64.074, -225.192, 318.000, 0.050
-8.003, -21.838, 82.392, 21.724, 59.278, -223.648, 318.000, 0.047
-5.692, -20.428, 85.820, 14.785, 53.055, -222.895, 318.000, 0.046
-3.277, -18.302, 88.881, 8.198, 45.791, -222.381, 318.000, 0.048
-1.212, -16.984, 96.375, 2.727, 38.201, -216.776, 318.000, 0.048
1.796, -14.467, 100.834, -3.809, 30.688, -213.894, 318.000, 0.048
5.294, -11.497, 106.143, -10.455, 22.705, -209.620, 318.000, 0.048
12.693, -1.028, 114.766, -22.262, 1.803, -201.294, 318.000, 0.048
15.146, 2.608, 119.139, -24.948, -4.296, -196.248, 318.000, 0.047
17.957, 4.493, 120.841, -28.752, -7.194, -193.492, 318.000, 0.049
19.721, 8.966, 120.972, -31.308, -14.233, -192.049, 318.000, 0.047
20.708, 10.614, 119.213, -33.507, -17.175, -192.897, 318.000, 0.049
21.765, 12.397, 116.764, -36.192, -20.614, -194.162, 318.000, 0.046
21.889, 13.517, 114.663, -37.345, -23.061, -195.623, 318.000, 0.047
22.077, 13.793, 114.189, -37.867, -23.659, -195.857, 318.000, 0.050
21.925, 13.683, 114.132, -37.654, -23.499, -196.016, 318.000, 0.046
21.799, 13.676, 114.061, -37.486, -23.518, -196.142, 318.000, 0.049
21.694, 13.564, 113.910, -37.397, -23.382, -196.360, 318.000, 0.047
21.955, 13.850, 114.038, -37.741, -23.807, -196.031, 318.000, 0.047
22.174, 13.963, 114.185, -38.015, -23.939, -195.759, 318.000, 0.048
22.080, 13.943, 114.137, -37.887, -23.926, -195.853, 318.000, 0.048
21.815, 13.752, 114.067, -37.505, -23.643, -196.105, 318.000, 0.048
22.004, 13.905, 114.146, -37.763, -23.864, -195.895, 318.000, 0.049
22.070, 13.796, 114.168, -37.866, -23.670, -195.877, 318.000, 0.047
21.936, 13.736, 114.117, -37.676, -23.593, -196.007, 318.000, 0.048
21.985, 13.767, 114.086, -37.770, -23.651, -196.000, 318.000, 0.047
22.212, 13.918, 114.256, -38.044, -23.839, -195.692, 318.000, 0.048
21.850, 13.710, 114.023, -37.586, -23.583, -196.139, 318.000, 0.049
21.654, 13.717, 113.953, -37.301, -23.629, -196.294, 318.000, 0.046
21.443, 13.665, 113.879, -36.996, -23.578, -196.479, 318.000, 0.049
21.798, 13.952, 113.864, -37.566, -24.043, -196.226, 318.000, 0.047
21.889, 13.767, 113.852, -37.731, -23.730, -196.250, 318.000, 0.046
21.749, 13.588, 113.699, -37.590, -23.485, -196.508, 318.000, 0.051
22.203, 13.859, 113.777, -38.274, -23.890, -196.129, 318.000, 0.048
22.013, 13.474, 113.613, -38.070, -23.302, -196.486, 318.000, 0.049
22.456, 13.746, 113.753, -38.704, -23.692, -196.056, 318.000, 0.048
22.618, 13.868, 113.738, -38.966, -23.891, -195.948, 318.000, 0.047
22.495, 13.600, 113.630, -38.838, -23.481, -196.188, 318.000, 0.049
22.549, 13.354, 113.584, -38.965, -23.076, -196.276, 318.000, 0.047
23.114, 13.702, 113.712, -39.792, -23.590, -195.765, 318.000, 0.048
23.464, 13.800, 113.778, -40.316, -23.711, -195.493, 318.000, 0.049
23.787, 13.896, 113.854, -40.788, -23.828, -195.227, 318.000, 0.046
23.597, 13.768, 113.779, -40.532, -23.649, -195.432, 318.000, 0.049
23.526, 13.825, 113.774, -40.416, -23.751, -195.456, 318.000, 0.047
23.762, 13.893, 113.878, -40.735, -23.817, -195.220, 318.000, 0.048
23.732, 13.800, 113.660, -40.809, -23.731, -195.451, 318.000, 0.050
23.826, 13.905, 113.694, -40.936, -23.891, -195.338, 318.000, 0.047
23.785, 13.891, 113.762, -40.835, -23.848, -195.308, 318.000, 0.049
23.751, 13.935, 113.724, -40.797, -23.936, -195.345, 318.000, 0.048
23.639, 13.754, 113.563, -40.715, -23.689, -195.598, 318.000, 0.047
23.344, 13.682, 113.621, -40.213, -23.570, -195.728, 318.000, 0.049
23.072, 13.672, 113.645, -39.762, -23.561, -195.854, 318.000, 0.047
22.875, 13.663, 113.573, -39.480, -23.582, -196.021, 318.000, 0.049
23.277, 13.832, 113.636, -40.089, -23.821, -195.704, 318.000, 0.045
23.284, 13.819, 113.645, -40.095, -23.796, -195.696, 318.000, 0.048
23.538, 14.073, 113.769, -40.422, -24.168, -195.376, 318.000, 0.051
23.373, 13.965, 113.781, -40.158, -23.993, -195.488, 318.000, 0.045
23.338, 13.892, 113.681, -40.158, -23.905, -195.614, 318.000, 0.051
23.170, 13.812, 113.718, -39.873, -23.769, -195.696, 318.000, 0.046
22.973, 13.577, 113.588, -39.637, -23.426, -195.984, 318.000, 0.048
22.848, 13.618, 113.575, -39.439, -23.506, -196.047, 318.000, 0.049
23.048, 13.610, 113.563, -39.769, -23.484, -195.956, 318.000, 0.047
23.199, 13.699, 113.577, -40.002, -23.621, -195.836, 318.000, 0.049
23.519, 13.678, 113.726, -40.440, -23.519, -195.546, 318.000, 0.047
23.282, 13.753, 113.693, -40.071, -23.670, -195.678, 318.000, 0.047
23.031, 13.819, 113.613, -39.702, -23.822, -195.857, 318.000, 0.049
23.153, 13.825, 113.649, -39.881, -23.814, -195.760, 318.000, 0.048
23.301, 13.762, 113.668, -40.115, -23.692, -195.686, 318.000, 0.050
23.009, 13.581, 113.562, -39.708, -23.438, -195.986, 318.000, 0.047
23.115, 13.787, 113.544, -39.877, -23.784, -195.882, 318.000, 0.048
22.960, 13.831, 113.601, -39.594, -23.851, -195.901, 318.000, 0.050
22.833, 13.708, 113.558, -39.418, -23.665, -196.042, 318.000, 0.047
23.264, 13.932, 113.696, -40.029, -23.971, -195.628, 318.000, 0.049
23.550, 13.963, 113.730, -40.470, -23.994, -195.437, 318.000, 0.047
23.185, 13.748, 113.593, -39.968, -23.699, -195.815, 318.000, 0.048
23.398, 13.884, 113.717, -40.237, -23.875, -195.555, 318.000, 0.049
23.381, 13.822, 113.765, -40.188, -23.758, -195.542, 318.000, 0.048
23.050, 13.749, 113.650, -39.720, -23.691, -195.837, 318.000, 0.050
23.067, 13.777, 113.640, -39.750, -23.741, -195.828, 318.000, 0.048
23.282, 13.995, 113.757, -40.021, -24.057, -195.546, 318.000, 0.048
23.709, 14.232, 113.808, -40.665, -24.410, -195.201, 318.000, 0.049
23.333, 13.948, 113.642, -40.167, -24.011, -195.632, 318.000, 0.047
23.105, 13.656, 113.585, -39.847, -23.551, -195.893, 318.000, 0.051
23.187, 13.792, 113.690, -39.916, -23.742, -195.718, 318.000, 0.047
22.967, 13.707, 113.656, -39.584, -23.624, -195.888, 318.000, 0.047
22.890, 13.719, 113.662, -39.456, -23.647, -195.919, 318.000, 0.050
22.972, 13.707, 113.702, -39.568, -23.609, -195.846, 318.000, 0.047
22.808, 13.626, 113.707, -39.306, -23.482, -195.952, 318.000, 0.050
22.604, 13.498, 113.591, -39.042, -23.314, -196.198, 318.000, 0.046
22.407, 13.305, 113.437, -38.812, -23.046, -196.490, 318.000, 0.048
22.502, 13.357, 113.422, -38.972, -23.134, -196.438, 318.000, 0.049
22.554, 13.388, 113.422, -39.054, -23.182, -196.402, 318.000, 0.048
22.910, 13.597, 113.547, -39.555, -23.477, -196.046, 318.000, 0.049
22.683, 13.373, 113.502, -39.224, -23.125, -196.271, 318.000, 0.047
23.069, 13.372, 113.577, -39.811, -23.077, -196.006, 318.000, 0.048
22.903, 13.280, 113.509, -39.583, -22.952, -196.179, 318.000, 0.050
23.159, 13.550, 113.670, -39.897, -23.344, -195.825, 318.000, 0.047
23.033, 13.545, 113.636, -39.712, -23.353, -195.922, 318.000, 0.047
22.839, 13.549, 113.605, -39.414, -23.382, -196.047, 318.000, 0.051
23.918, 13.882, 113.513, -41.182, -23.902, -195.450, 318.000, 0.048
23.489, 13.902, 113.737, -40.372, -23.894, -195.484, 318.000, 0.049
22.974, 13.669, 113.651, -39.600, -23.561, -195.901, 318.000, 0.047
23.028, 13.769, 113.649, -39.683, -23.726, -195.844, 318.000, 0.047
22.940, 13.593, 113.616, -39.568, -23.445, -195.972, 318.000, 0.050
22.880, 13.490, 113.604, -39.483, -23.280, -196.046, 318.000, 0.048
23.117, 13.561, 113.667, -39.830, -23.366, -195.846, 318.000, 0.051
22.968, 13.527, 113.735, -39.556, -23.296, -195.876, 318.000, 0.045
22.918, 13.388, 113.677, -39.513, -23.083, -195.994, 318.000, 0.047
23.085, 13.487, 113.651, -39.791, -23.248, -195.899, 318.000, 0.050
23.228, 13.792, 113.840, -39.905, -23.693, -195.568, 318.000, 0.047
23.161, 13.736, 113.829, -39.805, -23.606, -195.630, 318.000, 0.050
22.947, 13.542, 113.648, -39.566, -23.350, -195.956, 318.000, 0.048
22.722, 13.416, 113.585, -39.242, -23.170, -196.166, 318.000, 0.047
22.855, 13.512, 113.693, -39.396, -23.290, -195.976, 318.000, 0.049
23.054, 13.648, 113.799, -39.654, -23.475, -195.739, 318.000, 0.048
23.079, 13.778, 113.880, -39.644, -23.667, -195.615, 318.000, 0.050
22.808, 13.728, 113.829, -39.236, -23.616, -195.816, 318.000, 0.048
23.275, 14.160, 114.008, -39.868, -24.255, -195.284, 318.000, 0.048
22.940, 14.030, 113.861, -39.414, -24.105, -195.625, 318.000, 0.049
23.397, 14.085, 114.165, -39.986, -24.071, -195.110, 318.000, 0.047
24.815, 13.681, 114.101, -42.305, -23.324, -194.525, 318.000, 0.051
25.446, 13.172, 113.810, -43.501, -22.519, -194.567, 318.000, 0.045
25.373, 13.585, 113.792, -43.369, -23.220, -194.500, 318.000, 0.048
25.256, 14.490, 113.432, -43.324, -24.856, -194.583, 318.000, 0.048
26.843, 16.270, 112.539, -46.218, -28.014, -193.769, 318.000, 0.048
27.635, 17.232, 108.465, -49.963, -31.155, -196.103, 318.000, 0.044
28.448, 18.670, 101.185, -56.294, -36.945, -200.228, 318.000, 0.050
29.281, 20.490, 93.098, -64.093, -44.851, -203.779, 318.000, 0.046
28.428, 20.636, 85.026, -69.838, -50.696, -208.878, 318.000, 0.049
27.574, 20.140, 78.424, -74.939, -54.737, -213.138, 318.000, 0.047
26.997, 20.112, 73.221, -79.531, -59.248, -215.705, 318.000, 0.051
27.079, 20.202, 70.848, -82.630, -61.645, -216.187, 318.000, 0.046
26.844, 20.158, 70.303, -82.727, -62.122, -216.661, 318.000, 0.047
27.265, 20.561, 69.875, -84.218, -63.510, -215.831, 318.000, 0.051
27.332, 21.132, 68.980, -85.329, -65.971, -215.352, 318.000, 0.046
27.041, 21.088, 68.208, -85.597, -66.754, -215.906, 318.000, 0.047
26.508, 20.306, 67.140, -85.908, -65.810, -217.590, 318.000, 0.050
26.426, 20.269, 66.879, -86.051, -66.001, -217.779, 318.000, 0.046
26.412, 20.286, 66.786, -86.131, -66.154, -217.795, 318.000, 0.046
26.438, 20.351, 66.775, -86.191, -66.346, -217.694, 318.000, 0.050
26.399, 20.347, 66.747, -86.124, -66.379, -217.754, 318.000, 0.047
26.366, 20.328, 66.699, -86.106, -66.388, -217.825, 318.000, 0.048
26.406, 20.363, 66.695, -86.205, -66.479, -217.736, 318.000, 0.050
26.457, 20.419, 66.730, -86.276, -66.585, -217.603, 318.000, 0.046
26.463, 20.424, 66.644, -86.405, -66.688, -217.603, 318.000, 0.047
26.485, 20.442, 66.611, -86.502, -66.767, -217.559, 318.000, 0.050
26.585, 20.523, 66.711, -86.607, -66.858, -217.324, 318.000, 0.046
26.554, 20.488, 66.674, -86.587, -66.808, -217.408, 318.000, 0.048
26.539, 20.478, 66.662, -86.566, -66.797, -217.441, 318.000, 0.050
26.556, 20.481, 66.688, -86.575, -66.772, -217.411, 318.000, 0.046
26.484, 20.417, 66.624, -86.493, -66.678, -217.584, 318.000, 0.047
26.499, 20.466, 66.637, -86.495, -66.804, -217.512, 318.000, 0.050
26.531, 20.475, 66.598, -86.633, -66.858, -217.464, 318.000, 0.045
26.533, 20.504, 66.600, -86.624, -66.941, -217.430, 318.000, 0.048
26.572, 20.509, 66.602, -86.725, -66.938, -217.372, 318.000, 0.050
26.574, 20.505, 66.579, -86.761, -66.948, -217.377, 318.000, 0.047
26.559, 20.515, 66.570, -86.730, -66.992, -217.388, 318.000, 0.046
26.572, 20.540, 66.531, -86.807, -67.101, -217.350, 318.000, 0.049
26.540, 20.500, 66.481, -86.804, -67.051, -217.441, 318.000, 0.048
26.529, 20.507, 66.461, -86.800, -67.095, -217.452, 318.000, 0.046
26.575, 20.564, 66.513, -86.829, -67.191, -217.322, 318.000, 0.051
26.678, 20.662, 66.573, -86.987, -67.372, -217.071, 318.000, 0.046
26.578, 20.604, 66.483, -86.862, -67.337, -217.280, 318.000, 0.046
26.580, 20.611, 66.460, -86.896, -67.382, -217.273, 318.000, 0.050
26.610, 20.633, 66.474, -86.949, -67.420, -217.208, 318.000, 0.048
26.640, 20.680, 66.505, -86.969, -67.513, -217.112, 318.000, 0.047
26.594, 20.674, 66.470, -86.894, -67.550, -217.187, 318.000, 0.050
26.555, 20.628, 66.425, -86.869, -67.479, -217.293, 318.000, 0.048
26.541, 20.655, 66.395, -86.861, -67.597, -217.288, 318.000, 0.047
26.576, 20.671, 66.413, -86.924, -67.609, -217.221, 318.000, 0.050
26.510, 20.645, 66.386, -86.790, -67.590, -217.342, 318.000, 0.048
26.499, 20.637, 66.354, -86.809, -67.605, -217.369, 318.000, 0.044
26.532, 20.670, 66.365, -86.869, -67.676, -217.288, 318.000, 0.050
26.568, 20.735, 66.387, -86.912, -67.828, -217.167, 318.000, 0.046
26.519, 20.741, 66.350, -86.825, -67.907, -217.232, 318.000, 0.047
26.520, 20.727, 66.373, -86.802, -67.841, -217.242, 318.000, 0.050
26.481, 20.713, 66.345, -86.739, -67.847, -217.314, 318.000, 0.047
26.523, 20.719, 66.342, -86.856, -67.848, -217.251, 318.000, 0.047
26.507, 20.699, 66.333, -86.832, -67.807, -217.295, 318.000, 0.051
26.506, 20.724, 66.354, -86.790, -67.858, -217.268, 318.000, 0.048
26.466, 20.698, 66.310, -86.751, -67.844, -217.356, 318.000, 0.046
26.463, 20.702, 66.302, -86.755, -67.867, -217.355, 318.000, 0.049
26.456, 20.704, 66.282, -86.759, -67.896, -217.367, 318.000, 0.047
26.480, 20.749, 66.327, -86.745, -67.973, -217.279, 318.000, 0.046
26.497, 20.768, 66.325, -86.787, -68.023, -217.236, 318.000, 0.049
26.518, 20.806, 66.316, -86.839, -68.133, -217.169, 318.000, 0.047
26.497, 20.809, 66.301, -86.802, -68.167, -217.196, 318.000, 0.046
26.515, 20.838, 66.332, -86.795, -68.213, -217.137, 318.000, 0.047
26.510, 20.835, 66.332, -86.783, -68.208, -217.147, 318.000, 0.049
26.489, 20.839, 66.298, -86.770, -68.264, -217.175, 318.000, 0.047
26.535, 20.891, 66.358, -86.792, -68.332, -217.050, 318.000, 0.048
26.428, 20.849, 66.269, -86.639, -68.349, -217.251, 318.000, 0.051
26.427, 20.881, 66.278, -86.610, -68.435, -217.216, 318.000, 0.045
26.401, 20.849, 66.254, -86.586, -68.376, -217.290, 318.000, 0.047
26.336, 20.753, 66.182, -86.547, -68.199, -217.488, 318.000, 0.049
26.389, 20.800, 66.229, -86.609, -68.266, -217.360, 318.000, 0.046
26.410, 20.835, 66.236, -86.641, -68.351, -217.294, 318.000, 0.048
26.394, 20.834, 66.242, -86.588, -68.350, -217.317, 318.000, 0.050
26.382, 20.856, 66.226, -86.567, -68.437, -217.311, 318.000, 0.046
26.369, 20.830, 66.191, -86.590, -68.401, -217.361, 318.000, 0.047
26.358, 20.854, 66.206, -86.530, -68.461, -217.349, 318.000, 0.047
26.296, 20.839, 66.189, -86.389, -68.464, -217.450, 318.000, 0.049
26.317, 20.892, 66.203, -86.405, -68.594, -217.363, 318.000, 0.048
26.336, 20.924, 66.213, -86.430, -68.670, -217.302, 318.000, 0.048
26.404, 21.020, 66.288, -86.474, -68.844, -217.097, 318.000, 0.049
26.371, 20.961, 66.233, -86.483, -68.743, -217.212, 318.000, 0.047
26.318, 20.928, 66.190, -86.410, -68.715, -217.325, 318.000, 0.047
26.294, 20.992, 66.211, -86.288, -68.892, -217.286, 318.000, 0.048
26.324, 21.004, 66.234, -86.336, -68.886, -217.229, 318.000, 0.047
26.320, 20.991, 66.217, -86.352, -68.868, -217.252, 318.000, 0.048
26.307, 20.969, 66.214, -86.331, -68.812, -217.292, 318.000, 0.048
26.266, 20.952, 66.172, -86.282, -68.827, -217.371, 318.000, 0.047
26.302, 20.975, 66.203, -86.328, -68.846, -217.294, 318.000, 0.047
26.306, 20.983, 66.190, -86.356, -68.880, -217.281, 318.000, 0.049
26.330, 21.006, 66.191, -86.409, -68.937, -217.224, 318.000, 0.047
26.324, 21.016, 66.204, -86.372, -68.957, -217.219, 318.000, 0.046
26.342, 21.029, 66.166, -86.466, -69.026, -217.186, 318.000, 0.050
26.295, 20.979, 66.138, -86.398, -68.929, -217.307, 318.000, 0.046
26.330, 21.019, 66.140, -86.471, -69.031, -217.216, 318.000, 0.047
26.348, 21.009, 66.147, -86.517, -68.984, -217.202, 318.000, 0.051
26.371, 21.050, 66.148, -86.560, -69.095, -217.127, 318.000, 0.046
26.317, 21.011, 66.121, -86.467, -69.031, -217.244, 318.000, 0.047
26.331, 20.981, 66.115, -86.527, -68.947, -217.258, 318.000, 0.050
26.350, 21.046, 66.107, -86.559, -69.137, -217.164, 318.000, 0.046
26.283, 21.020, 66.063, -86.448, -69.138, -217.287, 318.000, 0.047
26.275, 21.032, 66.060, -86.425, -69.178, -217.285, 318.000, 0.050
26.207, 20.997, 66.009, -86.321, -69.160, -217.422, 318.000, 0.046
26.225, 21.014, 66.032, -86.332, -69.179, -217.376, 318.000, 0.047
26.284, 21.071, 66.089, -86.395, -69.258, -217.227, 318.000, 0.050
26.257, 21.067, 66.077, -86.337, -69.272, -217.270, 318.000, 0.045
26.290, 21.089, 66.077, -86.418, -69.321, -217.202, 318.000, 0.047
26.302, 21.077, 66.104, -86.420, -69.253, -217.195, 318.000, 0.050
26.289, 21.090, 66.103, -86.380, -69.297, -217.198, 318.000, 0.047
26.268, 21.060, 66.079, -86.367, -69.242, -217.264, 318.000, 0.046
26.305, 21.115, 66.093, -86.426, -69.375, -217.151, 318.000, 0.050
26.315, 21.118, 66.078, -86.474, -69.394, -217.136, 318.000, 0.047
26.321, 21.114, 66.090, -86.474, -69.369, -217.131, 318.000, 0.047
26.361, 21.136, 66.097, -86.566, -69.408, -217.052, 318.000, 0.051
26.355, 21.137, 66.068, -86.587, -69.445, -217.063, 318.000, 0.046
26.401, 21.196, 66.112, -86.629, -69.549, -216.931, 318.000, 0.047
26.331, 21.152, 66.053, -86.536, -69.516, -217.080, 318.000, 0.050
26.386, 21.198, 66.082, -86.627, -69.596, -216.953, 318.000, 0.046
26.369, 21.200, 66.078, -86.586, -69.613, -216.974, 318.000, 0.047
26.377, 21.194, 66.065, -86.627, -69.606, -216.972, 318.000, 0.051
26.335, 21.177, 66.054, -86.535, -69.586, -217.048, 318.000, 0.047
26.384, 21.201, 66.076, -86.629, -69.610, -216.953, 318.000, 0.048
26.375, 21.210, 66.068, -86.612, -69.649, -216.956, 318.000, 0.049
26.427, 21.225, 66.082, -86.729, -69.654, -216.868, 318.000, 0.048
26.337, 21.142, 66.040, -86.574, -69.497, -217.084, 318.000, 0.048
26.365, 21.196, 66.173, -86.448, -69.499, -216.973, 318.000, 0.047
26.272, 21.044, 66.415, -85.933, -68.831, -217.234, 318.000, 0.048
26.341, 20.702, 66.511, -86.136, -67.696, -217.494, 318.000, 0.049
26.766, 20.582, 66.555, -87.286, -67.118, -217.037, 318.000, 0.048
27.629, 19.955, 66.753, -89.595, -64.710, -216.468, 318.000, 0.048
29.185, 18.387, 66.956, -94.036, -59.243, -215.735, 318.000, 0.050
30.331, 16.426, 67.081, -97.539, -52.823, -215.723, 318.000, 0.047
31.327, 14.474, 66.862, -101.073, -46.699, -215.719, 318.000, 0.048
32.459, 12.532, 66.335, -105.339, -40.670, -215.277, 318.000, 0.049
32.980, 10.458, 65.905, -107.918, -34.220, -215.654, 318.000, 0.048
33.000, 8.937, 65.726, -108.647, -29.424, -216.388, 318.000, 0.048
32.722, 7.180, 65.438, -108.822, -23.878, -217.626, 318.000, 0.049
32.588, 5.513, 64.868, -109.755, -18.569, -218.473, 318.000, 0.047
32.359, 4.588, 64.558, -109.849, -15.574, -219.158, 318.000, 0.047
32.127, 4.414, 64.756, -108.941, -14.968, -219.582, 318.000, 0.047
31.566, 4.192, 64.894, -107.299, -14.251, -220.589, 318.000, 0.047
31.503, 4.094, 64.864, -107.200, -13.933, -220.724, 318.000, 0.046
31.645, 3.960, 64.801, -107.687, -13.477, -220.517, 318.000, 0.048
31.949, 3.514, 64.492, -109.046, -11.994, -220.120, 318.000, 0.047
32.145, 3.292, 64.335, -109.841, -11.249, -219.835, 318.000, 0.048
32.260, 3.224, 64.154, -110.458, -11.038, -219.664, 318.000, 0.050
32.364, 3.264, 64.140, -110.742, -11.170, -219.473, 318.000, 0.048
32.362, 3.278, 64.082, -110.837, -11.227, -219.480, 318.000, 0.046
32.248, 3.249, 63.988, -110.719, -11.155, -219.697, 318.000, 0.048
32.303, 3.275, 63.996, -110.844, -11.238, -219.592, 318.000, 0.047
32.304, 3.321, 64.013, -110.813, -11.392, -219.580, 318.000, 0.051
32.313, 3.335, 64.024, -110.812, -11.438, -219.562, 318.000, 0.046
32.341, 3.302, 64.039, -110.861, -11.319, -219.516, 318.000, 0.048
32.395, 3.268, 64.074, -110.938, -11.191, -219.424, 318.000, 0.050
32.335, 3.168, 64.059, -110.822, -10.858, -219.548, 318.000, 0.047
32.353, 3.125, 64.062, -110.865, -10.707, -219.524, 318.000, 0.048
32.277, 3.096, 63.956, -110.864, -10.636, -219.674, 318.000, 0.049
32.324, 3.090, 63.969, -110.961, -10.608, -219.590, 318.000, 0.048
32.349, 3.059, 63.966, -111.031, -10.500, -219.552, 318.000, 0.049
32.328, 3.007, 63.932, -111.043, -10.330, -219.601, 318.000, 0.048
32.443, 3.089, 63.980, -111.241, -10.593, -219.378, 318.000, 0.047
32.391, 3.067, 63.900, -111.257, -10.533, -219.480, 318.000, 0.049
32.367, 3.047, 63.889, -111.216, -10.470, -219.528, 318.000, 0.047
32.458, 3.061, 63.927, -111.376, -10.504, -219.360, 318.000, 0.046
32.365, 3.057, 63.851, -111.278, -10.510, -219.533, 318.000, 0.048
32.321, 3.046, 63.799, -111.261, -10.486, -219.618, 318.000, 0.048
32.279, 3.043, 63.771, -111.203, -10.483, -219.697, 318.000, 0.050
32.390, 3.067, 63.860, -111.324, -10.542, -219.486, 318.000, 0.046
32.352, 3.069, 63.820, -111.300, -10.557, -219.556, 318.000, 0.047
32.394, 3.052, 63.823, -111.400, -10.495, -219.485, 318.000, 0.051
32.432, 3.027, 63.858, -111.437, -10.402, -219.418, 318.000, 0.045
32.433, 3.008, 63.858, -111.442, -10.337, -219.419, 318.000, 0.045
32.372, 2.971, 63.793, -111.408, -10.223, -219.539, 318.000, 0.051
32.404, 2.978, 63.840, -111.403, -10.237, -219.478, 318.000, 0.046
32.457, 3.000, 63.868, -111.486, -10.304, -219.377, 318.000, 0.047
32.455, 3.039, 63.829, -111.547, -10.445, -219.377, 318.000, 0.050
32.550, 3.034, 63.920, -111.623, -10.404, -219.201, 318.000, 0.047
32.537, 3.002, 63.880, -111.664, -10.301, -219.233, 318.000, 0.051
32.465, 2.989, 63.839, -111.557, -10.271, -219.367, 318.000, 0.047
32.401, 2.955, 63.789, -111.488, -10.166, -219.491, 318.000, 0.047
32.338, 2.934, 63.738, -111.422, -10.110, -219.611, 318.000, 0.050
32.336, 2.927, 63.711, -111.466, -10.090, -219.619, 318.000, 0.046
32.368, 2.952, 63.740, -111.491, -10.169, -219.555, 318.000, 0.047
32.444, 2.976, 63.807, -111.565, -10.233, -219.408, 318.000, 0.048
32.419, 2.990, 63.784, -111.541, -10.287, -219.453, 318.000, 0.048
32.356, 2.941, 63.755, -111.436, -10.128, -219.577, 318.000, 0.049
32.409, 2.956, 63.782, -111.521, -10.173, -219.478, 318.000, 0.046
32.517, 2.984, 63.859, -111.655, -10.245, -219.273, 318.000, 0.048
32.496, 2.956, 63.809, -111.694, -10.160, -219.318, 318.000, 0.049
32.432, 2.940, 63.747, -111.643, -10.121, -219.441, 318.000, 0.047
32.469, 2.945, 63.770, -111.696, -10.131, -219.372, 318.000, 0.048
32.504, 2.955, 63.828, -111.677, -10.153, -219.304, 318.000, 0.049
32.603, 3.013, 63.853, -111.879, -10.341, -219.115, 318.000, 0.047
32.529, 2.971, 63.864, -111.675, -10.198, -219.254, 318.000, 0.047
32.468, 2.968, 63.814, -111.611, -10.204, -219.367, 318.000, 0.050
32.519, 2.981, 63.847, -111.680, -10.238, -219.271, 318.000, 0.046
32.473, 2.974, 63.790, -111.667, -10.229, -219.359, 318.000, 0.047
32.456, 2.964, 63.805, -111.598, -10.192, -219.390, 318.000, 0.050
32.513, 2.959, 63.883, -111.602, -10.157, -219.283, 318.000, 0.045
32.561, 2.967, 63.923, -111.653, -10.174, -219.192, 318.000, 0.050
32.582, 2.981, 63.903, -111.740, -10.223, -219.153, 318.000, 0.048
32.527, 2.940, 63.858, -111.684, -10.095, -219.263, 318.000, 0.046
32.391, 2.882, 63.720, -111.593, -9.928, -219.526, 318.000, 0.050
32.475, 2.866, 63.766, -111.725, -9.862, -219.374, 318.000, 0.046
32.521, 2.866, 63.825, -111.736, -9.848, -219.287, 318.000, 0.046
32.520, 2.867, 63.828, -111.725, -9.849, -219.289, 318.000, 0.049
32.492, 2.846, 63.821, -111.669, -9.781, -219.343, 318.000, 0.046
32.419, 2.846, 63.741, -111.629, -9.798, -219.480, 318.000, 0.046
32.404, 2.872, 63.730, -111.608, -9.891, -219.505, 318.000, 0.050
32.394, 2.860, 63.709, -111.624, -9.853, -219.525, 318.000, 0.047
32.381, 2.878, 63.681, -111.639, -9.922, -219.547, 318.000, 0.047
32.365, 2.877, 63.624, -111.699, -9.930, -219.582, 318.000, 0.050
32.453, 2.860, 63.702, -111.784, -9.852, -219.420, 318.000, 0.048
32.493, 2.874, 63.740, -111.815, -9.890, -219.343, 318.000, 0.046
32.577, 2.878, 63.823, -111.879, -9.884, -219.186, 318.000, 0.051
32.586, 2.863, 63.815, -111.916, -9.835, -219.172, 318.000, 0.048
32.561, 2.866, 63.782, -111.914, -9.851, -219.219, 318.000, 0.047
32.555, 2.864, 63.730, -111.990, -9.853, -219.234, 318.000, 0.047
32.480, 2.857, 63.661, -111.927, -9.846, -219.375, 318.000, 0.048
32.550, 2.869, 63.711, -112.012, -9.873, -219.244, 318.000, 0.047
32.487, 2.843, 63.695, -111.884, -9.791, -219.363, 318.000, 0.049
32.458, 2.841, 63.667, -111.861, -9.790, -219.417, 318.000, 0.048
32.382, 2.812, 63.610, -111.773, -9.707, -219.562, 318.000, 0.048
32.454, 2.857, 63.626, -111.923, -9.852, -219.425, 318.000, 0.048
32.506, 2.848, 63.695, -111.930, -9.806, -219.328, 318.000, 0.047
32.511, 2.872, 63.693, -111.946, -9.889, -219.315, 318.000, 0.049
32.495, 2.835, 63.661, -111.967, -9.768, -219.351, 318.000, 0.047
32.598, 2.848, 63.564, -112.400, -9.821, -219.171, 318.000, 0.047
32.628, 2.873, 63.538, -112.519, -9.909, -219.115, 318.000, 0.049
32.649, 2.877, 63.542, -112.564, -9.918, -219.077, 318.000, 0.047
32.654, 2.884, 63.534, -112.591, -9.944, -219.067, 318.000, 0.047
32.626, 2.880, 63.502, -112.580, -9.938, -219.120, 318.000, 0.050
32.597, 2.843, 63.483, -112.542, -9.816, -219.180, 318.000, 0.047
32.622, 2.854, 63.514, -112.549, -9.848, -219.130, 318.000, 0.048
32.649, 2.871, 63.555, -112.543, -9.897, -219.076, 318.000, 0.051
32.664, 2.874, 63.568, -112.558, -9.903, -219.047, 318.000, 0.046
32.594, 2.869, 63.519, -112.469, -9.898, -219.178, 318.000, 0.047
32.598, 2.848, 63.527, -112.466, -9.827, -219.174, 318.000, 0.050
32.593, 2.857, 63.530, -112.446, -9.855, -219.182, 318.000, 0.046
32.574, 2.840, 63.520, -112.418, -9.803, -219.219, 318.000, 0.048
32.614, 2.827, 63.554, -112.459, -9.747, -219.146, 318.000, 0.051
32.633, 2.854, 63.568, -112.480, -9.837, -219.107, 318.000, 0.047
32.624, 2.828, 63.555, -112.482, -9.752, -219.128, 318.000, 0.050
32.526, 2.804, 63.486, -112.362, -9.685, -219.314, 318.000, 0.048
32.578, 2.808, 63.521, -112.429, -9.689, -219.218, 318.000, 0.047
32.592, 2.818, 63.537, -112.437, -9.722, -219.188, 318.000, 0.050
32.701, 2.829, 63.610, -112.579, -9.738, -218.985, 318.000, 0.048
32.670, 2.828, 63.568, -112.576, -9.746, -219.044, 318.000, 0.047
32.668, 2.816, 63.564, -112.578, -9.703, -219.051, 318.000, 0.051
32.651, 2.812, 63.555, -112.551, -9.692, -219.082, 318.000, 0.047
32.699, 2.841, 63.578, -112.629, -9.785, -218.990, 318.000, 0.046
32.676, 2.851, 63.521, -112.672, -9.832, -219.033, 318.000, 0.050
32.713, 2.861, 63.549, -112.713, -9.859, -218.963, 318.000, 0.047
32.739, 2.865, 63.583, -112.718, -9.864, -218.913, 318.000, 0.048
32.558, 3.069, 63.637, -112.148, -10.571, -219.202, 318.000, 0.050
32.214, 2.826, 63.567, -111.422, -9.773, -219.865, 318.000, 0.048
31.746, 1.772, 63.007, -111.295, -6.213, -220.894, 318.000, 0.050
24.341, -1.139, 54.848, -104.630, 4.895, -235.762, 318.000, 0.049
27.605, -2.790, 59.851, -105.461, 10.658, -228.657, 318.000, 0.047
29.829, -4.692, 63.539, -105.007, 16.519, -223.677, 318.000, 0.049
31.075, -5.896, 66.729, -102.744, 19.492, -220.624, 318.000, 0.047
32.071, -7.265, 69.518, -100.545, 22.777, -217.944, 318.000, 0.049
32.431, -8.428, 72.462, -96.748, 25.142, -216.172, 318.000, 0.049
32.710, -9.703, 75.565, -92.748, 27.514, -214.261, 318.000, 0.046
33.641, -10.939, 78.561, -90.524, 29.435, -211.399, 318.000, 0.050
33.537, -11.301, 80.588, -87.632, 29.529, -210.574, 318.000, 0.048
33.346, -11.455, 81.773, -85.732, 29.451, -210.239, 318.000, 0.049
33.167, -11.579, 82.439, -84.530, 29.510, -210.107, 318.000, 0.047
32.712, -11.732, 83.093, -82.785, 29.691, -210.282, 318.000, 0.050
32.163, -11.661, 83.501, -81.181, 29.433, -210.758, 318.000, 0.044
31.940, -11.571, 83.540, -80.686, 29.231, -211.035, 318.000, 0.050
31.784, -11.579, 83.497, -80.408, 29.293, -211.234, 318.000, 0.048
31.691, -11.666, 83.432, -80.275, 29.551, -211.337, 318.000, 0.050
31.757, -11.772, 83.352, -80.487, 29.837, -211.256, 318.000, 0.047
31.830, -11.788, 83.272, -80.732, 29.898, -211.204, 318.000, 0.051
31.924, -11.859, 83.293, -80.892, 30.049, -211.054, 318.000, 0.047
31.980, -11.937, 83.305, -80.982, 30.227, -210.950, 318.000, 0.050
31.975, -11.929, 83.235, -81.054, 30.240, -210.993, 318.000, 0.049
31.846, -11.871, 83.122, -80.924, 30.167, -211.224, 318.000, 0.050
31.922, -11.928, 83.157, -81.035, 30.278, -211.094, 318.000, 0.046
31.978, -11.907, 83.160, -81.151, 30.217, -211.036, 318.000, 0.048
32.134, -11.996, 83.217, -81.396, 30.386, -210.788, 318.000, 0.050
32.104, -11.980, 83.152, -81.410, 30.380, -210.862, 318.000, 0.047
32.202, -11.967, 83.152, -81.618, 30.332, -210.753, 318.000, 0.050
32.064, -11.949, 83.054, -81.448, 30.353, -210.970, 318.000, 0.047
32.058, -11.981, 83.049, -81.435, 30.434, -210.966, 318.000, 0.046
32.173, -11.992, 83.154, -81.550, 30.397, -210.776, 318.000, 0.047
32.078, -11.973, 83.104, -81.413, 30.388, -210.919, 318.000, 0.049
32.219, -11.977, 83.212, -81.581, 30.327, -210.700, 318.000, 0.047
32.052, -11.988, 83.095, -81.369, 30.432, -210.946, 318.000, 0.051
32.104, -11.926, 83.100, -81.481, 30.269, -210.910, 318.000, 0.047
31.984, -11.919, 83.078, -81.257, 30.280, -211.064, 318.000, 0.049
32.025, -11.942, 83.113, -81.297, 30.315, -210.990, 318.000, 0.048
32.019, -11.886, 83.109, -81.300, 30.180, -211.023, 318.000, 0.050
32.017, -11.938, 83.116, -81.279, 30.305, -210.999, 318.000, 0.047
32.015, -11.908, 83.120, -81.275, 30.230, -211.012, 318.000, 0.048
32.031, -11.886, 83.140, -81.288, 30.165, -210.994, 318.000, 0.048
32.055, -11.842, 83.149, -81.334, 30.047, -210.980, 318.000, 0.048
32.044, -11.854, 83.098, -81.369, 30.100, -211.013, 318.000, 0.050
31.945, -11.862, 83.044, -81.224, 30.160, -211.151, 318.000, 0.048
31.824, -11.873, 82.954, -81.073, 30.246, -211.332, 318.000, 0.050
31.950, -11.948, 83.044, -81.221, 30.373, -211.107, 318.000, 0.046
31.948, -11.930, 83.063, -81.198, 30.322, -211.108, 318.000, 0.050
31.960, -11.832, 83.021, -81.288, 30.093, -211.157, 318.000, 0.048
31.934, -11.836, 83.002, -81.254, 30.116, -211.196, 318.000, 0.050
31.904, -11.835, 83.001, -81.193, 30.120, -211.232, 318.000, 0.047
31.998, -11.893, 83.096, -81.270, 30.207, -211.050, 318.000, 0.050
32.037, -11.848, 83.110, -81.341, 30.083, -211.018, 318.000, 0.047
32.001, -11.920, 83.120, -81.244, 30.261, -211.023, 318.000, 0.049
32.112, -11.877, 83.169, -81.425, 30.116, -210.889, 318.000, 0.048
32.010, -11.891, 83.116, -81.272, 30.191, -211.027, 318.000, 0.050
32.037, -11.973, 83.163, -81.259, 30.369, -210.938, 318.000, 0.044
32.068, -11.949, 83.147, -81.348, 30.312, -210.919, 318.000, 0.047
31.987, -11.920, 83.107, -81.230, 30.271, -211.046, 318.000, 0.050
32.070, -11.917, 83.137, -81.369, 30.237, -210.935, 318.000, 0.046
32.141, -11.896, 83.169, -81.482, 30.159, -210.847, 318.000, 0.050
32.068, -11.903, 83.142, -81.361, 30.198, -210.942, 318.000, 0.048
32.022, -11.836, 83.105, -81.319, 30.057, -211.043, 318.000, 0.048
32.045, -11.900, 83.133, -81.324, 30.200, -210.974, 318.000, 0.048
31.980, -11.959, 83.138, -81.172, 30.354, -211.022, 318.000, 0.049
32.157, -11.920, 83.202, -81.473, 30.202, -210.802, 318.000, 0.047
32.048, -11.887, 83.133, -81.333, 30.168, -210.976, 318.000, 0.051
32.101, -11.913, 83.151, -81.416, 30.214, -210.895, 318.000, 0.048
32.153, -11.883, 83.156, -81.524, 30.130, -210.845, 318.000, 0.049
32.153, -11.865, 83.128, -81.561, 30.097, -210.866, 318.000, 0.048
32.052, -11.890, 83.082, -81.401, 30.196, -210.995, 318.000, 0.050
32.144, -11.921, 83.171, -81.482, 30.218, -210.832, 318.000, 0.046
32.116, -11.922, 83.184, -81.409, 30.221, -210.857, 318.000, 0.046
32.120, -11.854, 83.159, -81.458, 30.061, -210.895, 318.000, 0.051
32.164, -11.934, 83.231, -81.452, 30.222, -210.772, 318.000, 0.049
32.137, -11.952, 83.207, -81.421, 30.280, -210.808, 318.000, 0.050
32.088, -11.974, 83.188, -81.336, 30.351, -210.866, 318.000, 0.048
32.109, -11.964, 83.216, -81.350, 30.311, -210.831, 318.000, 0.048
31.979, -11.859, 83.101, -81.230, 30.124, -211.085, 318.000, 0.048
32.109, -11.894, 83.186, -81.396, 30.151, -210.877, 318.000, 0.050
32.136, -11.943, 83.200, -81.428, 30.262, -210.817, 318.000, 0.048
32.130, -11.928, 83.181, -81.441, 30.234, -210.839, 318.000, 0.049
32.087, -11.890, 83.131, -81.415, 30.170, -210.930, 318.000, 0.047
32.052, -11.893, 83.120, -81.353, 30.188, -210.976, 318.000, 0.050
32.076, -11.971, 83.168, -81.336, 30.354, -210.890, 318.000, 0.048
32.051, -11.875, 83.145, -81.326, 30.131, -210.973, 318.000, 0.049
32.019, -11.907, 83.122, -81.281, 30.226, -211.007, 318.000, 0.048
32.031, -11.942, 83.160, -81.257, 30.295, -210.959, 318.000, 0.049
32.188, -11.961, 83.239, -81.489, 30.281, -210.729, 318.000, 0.047
32.086, -11.936, 83.187, -81.340, 30.259, -210.885, 318.000, 0.052
32.117, -11.936, 83.205, -81.384, 30.246, -210.839, 318.000, 0.047
32.190, -12.031, 83.276, -81.437, 30.436, -210.678, 318.000, 0.046
32.175, -11.999, 83.200, -81.499, 30.395, -210.747, 318.000, 0.051
32.062, -11.934, 83.140, -81.345, 30.277, -210.937, 318.000, 0.049
32.092, -11.897, 83.133, -81.422, 30.186, -210.921, 318.000, 0.049
32.111, -11.864, 83.133, -81.466, 30.100, -210.913, 318.000, 0.048
32.071, -11.887, 83.124, -81.390, 30.168, -210.954, 318.000, 0.050
32.120, -11.910, 83.153, -81.456, 30.204, -210.872, 318.000, 0.045
32.140, -11.891, 83.124, -81.534, 30.166, -210.871, 318.000, 0.051
32.098, -11.932, 83.139, -81.421, 30.268, -210.896, 318.000, 0.047
32.175, -11.932, 83.198, -81.514, 30.229, -210.776, 318.000, 0.049
32.273, -11.980, 83.233, -81.668, 30.317, -210.625, 318.000, 0.048
32.223, -11.929, 83.205, -81.605, 30.211, -210.719, 318.000, 0.051
32.121, -11.895, 83.130, -81.487, 30.177, -210.889, 318.000, 0.047
32.148, -12.002, 83.136, -81.518, 30.434, -210.808, 318.000, 0.049
32.177, -12.061, 83.236, -81.451, 30.530, -210.700, 318.000, 0.048
32.168, -12.022, 83.256, -81.416, 30.426, -210.718, 318.000, 0.051
32.158, -11.971, 83.222, -81.444, 30.319, -210.768, 318.000, 0.046
32.107, -11.989, 83.218, -81.339, 30.371, -210.822, 318.000, 0.048
32.096, -11.961, 83.215, -81.323, 30.306, -210.849, 318.000, 0.050
32.169, -11.947, 83.251, -81.437, 30.243, -210.752, 318.000, 0.047
32.181, -11.940, 83.240, -81.475, 30.231, -210.747, 318.000, 0.050
32.032, -11.859, 83.087, -81.356, 30.120, -211.030, 318.000, 0.048
32.226, -11.923, 83.231, -81.582, 30.184, -210.706, 318.000, 0.049
32.208, -11.985, 83.235, -81.530, 30.337, -210.697, 318.000, 0.048
32.172, -11.985, 83.225, -81.468, 30.350, -210.744, 318.000, 0.050
32.197, -12.115, 83.267, -81.447, 30.648, -210.638, 318.000, 0.048
32.183, -12.045, 83.232, -81.472, 30.493, -210.702, 318.000, 0.050
32.231, -12.042, 83.247, -81.553, 30.470, -210.640, 318.000, 0.048
32.263, -12.094, 83.315, -81.533, 30.564, -210.547, 318.000, 0.050
32.191, -12.018, 83.251, -81.471, 30.416, -210.695, 318.000, 0.047
32.257, -12.041, 83.271, -81.582, 30.454, -210.598, 318.000, 0.050
32.212, -11.997, 83.225, -81.547, 30.371, -210.693, 318.000, 0.047
32.359, -11.954, 83.316, -81.754, 30.202, -210.495, 318.000, 0.047
32.209, -11.973, 83.243, -81.524, 30.306, -210.698, 318.000, 0.049
32.272, -12.004, 83.284, -81.601, 30.354, -210.591, 318.000, 0.047
32.293, -11.993, 83.321, -81.605, 30.306, -210.553, 318.000, 0.050
32.498, -12.120, 83.372, -81.949, 30.561, -210.234, 318.000, 0.048
32.913, -12.503, 83.327, -82.788, 31.449, -209.599, 318.000, 0.051
33.341, -13.712, 82.600, -84.300, 34.671, -208.851, 318.000, 0.047
33.760, -14.535, 82.310, -85.334, 36.740, -208.054, 318.000, 0.050
34.424, -16.062, 81.886, -86.846, 40.521, -206.586, 318.000, 0.048
34.365, -16.652, 81.962, -86.492, 41.910, -206.287, 318.000, 0.050
33.896, -16.952, 81.915, -85.528, 42.774, -206.694, 318.000, 0.048
33.060, -17.192, 81.829, -83.865, 43.612, -207.576, 318.000, 0.049
32.283, -17.450, 81.483, -82.593, 44.643, -208.468, 318.000, 0.048
31.687, -17.214, 81.428, -81.461, 44.255, -209.335, 318.000, 0.047
31.298, -16.912, 81.451, -80.681, 43.595, -209.966, 318.000, 0.051
31.087, -16.696, 81.295, -80.460, 43.213, -210.411, 318.000, 0.048
31.021, -16.628, 81.189, -80.457, 43.126, -210.575, 318.000, 0.049
30.890, -16.588, 81.078, -80.314, 43.127, -210.799, 318.000, 0.047
30.979, -16.642, 81.018, -80.562, 43.278, -210.688, 318.000, 0.051
31.062, -16.779, 81.043, -80.679, 43.580, -210.496, 318.000, 0.046
31.093, -16.827, 81.043, -80.733, 43.691, -210.430, 318.000, 0.051
31.082, -16.878, 80.985, -80.765, 43.857, -210.435, 318.000, 0.049
31.048, -16.915, 80.962, -80.710, 43.970, -210.461, 318.000, 0.050
31.093, -16.980, 81.004, -80.741, 44.093, -210.350, 318.000, 0.048
31.110, -16.979, 81.001, -80.783, 44.089, -210.331, 318.000, 0.047
31.058, -16.975, 80.929, -80.755, 44.137, -210.425, 318.000, 0.050
31.050, -16.974, 80.923, -80.743, 44.141, -210.438, 318.000, 0.047
31.054, -16.902, 80.869, -80.834, 43.996, -210.500, 318.000, 0.050
31.156, -17.031, 80.952, -80.924, 44.236, -210.267, 318.000, 0.048
31.133, -17.058, 80.895, -80.935, 44.344, -210.300, 318.000, 0.049
31.130, -17.019, 80.885, -80.949, 44.256, -210.333, 318.000, 0.048
31.073, -17.011, 80.826, -80.898, 44.288, -210.428, 318.000, 0.051
31.175, -17.120, 80.940, -80.959, 44.458, -210.193, 318.000, 0.047
31.173, -17.151, 80.930, -80.958, 44.541, -210.179, 318.000, 0.048
31.149, -17.091, 80.891, -80.966, 44.426, -210.262, 318.000, 0.050
31.130, -17.102, 80.876, -80.939, 44.467, -210.283, 318.000, 0.047
31.184, -17.105, 80.908, -81.019, 44.440, -210.204, 318.000, 0.050
31.265, -17.107, 80.966, -81.125, 44.388, -210.085, 318.000, 0.048
31.218, -17.111, 80.930, -81.063, 44.431, -210.153, 318.000, 0.049
31.158, -17.048, 80.884, -81.004, 44.321, -210.281, 318.000, 0.047
31.052, -17.080, 80.814, -80.850, 44.471, -210.413, 318.000, 0.051
31.107, -17.046, 80.852, -80.932, 44.349, -210.356, 318.000, 0.046
31.112, -17.032, 80.823, -80.980, 44.333, -210.370, 318.000, 0.047
31.224, -17.051, 80.908, -81.117, 44.296, -210.193, 318.000, 0.050
31.140, -17.062, 80.832, -81.022, 44.393, -210.316, 318.000, 0.048
31.168, -17.082, 80.834, -81.076, 44.434, -210.269, 318.000, 0.049
31.109, -17.029, 80.759, -81.050, 44.365, -210.403, 318.000, 0.047
31.113, -17.055, 80.790, -81.016, 44.410, -210.368, 318.000, 0.050
31.156, -17.108, 80.855, -81.019, 44.489, -210.258, 318.000, 0.049
31.201, -17.143, 80.861, -81.100, 44.559, -210.181, 318.000, 0.049
31.259, -17.150, 80.892, -81.186, 44.543, -210.096, 318.000, 0.046
31.225, -17.211, 80.857, -81.140, 44.723, -210.111, 318.000, 0.046
31.175, -17.139, 80.794, -81.123, 44.599, -210.242, 318.000, 0.050
31.155, -17.145, 80.782, -81.094, 44.626, -210.265, 318.000, 0.045
31.187, -17.177, 80.808, -81.123, 44.680, -210.198, 318.000, 0.048
31.123, -17.137, 80.738, -81.076, 44.641, -210.327, 318.000, 0.047
31.198, -17.190, 80.841, -81.105, 44.688, -210.162, 318.000, 0.049
31.082, -17.047, 80.706, -81.048, 44.452, -210.445, 318.000, 0.047
31.124, -17.067, 80.718, -81.120, 44.483, -210.378, 318.000, 0.049
31.065, -17.173, 80.722, -80.963, 44.756, -210.377, 318.000, 0.048
31.084, -17.174, 80.742, -80.979, 44.740, -210.346, 318.000, 0.044
31.025, -17.138, 80.682, -80.929, 44.706, -210.463, 318.000, 0.049
31.025, -17.151, 80.683, -80.926, 44.737, -210.454, 318.000, 0.047
31.062, -17.192, 80.730, -80.942, 44.798, -210.365, 318.000, 0.050
31.049, -17.175, 80.693, -80.959, 44.784, -210.407, 318.000, 0.048
31.075, -17.210, 80.741, -80.951, 44.833, -210.334, 318.000, 0.049
31.097, -17.161, 80.729, -81.025, 44.714, -210.345, 318.000, 0.047
31.057, -17.200, 80.716, -80.944, 44.830, -210.372, 318.000, 0.049
31.009, -17.172, 80.674, -80.897, 44.798, -210.463, 318.000, 0.047
30.993, -17.136, 80.665, -80.881, 44.720, -210.509, 318.000, 0.049
30.966, -17.152, 80.646, -80.842, 44.779, -210.537, 318.000, 0.049
31.022, -17.146, 80.672, -80.934, 44.731, -210.465, 318.000, 0.049
31.085, -17.166, 80.731, -80.996, 44.727, -210.355, 318.000, 0.051
30.999, -17.187, 80.688, -80.854, 44.829, -210.460, 318.000, 0.047
31.038, -17.196, 80.726, -80.893, 44.816, -210.393, 318.000, 0.049
31.061, -17.251, 80.755, -80.896, 44.929, -210.317, 318.000, 0.048
30.952, -17.205, 80.677, -80.761, 44.892, -210.507, 318.000, 0.050
30.987, -17.178, 80.693, -80.826, 44.806, -210.477, 318.000, 0.048
30.998, -17.112, 80.672, -80.889, 44.654, -210.516, 318.000, 0.048
31.064, -17.164, 80.735, -80.947, 44.725, -210.379, 318.000, 0.049
31.097, -17.181, 80.743, -81.004, 44.753, -210.326, 318.000, 0.048
31.068, -17.115, 80.703, -81.004, 44.625, -210.420, 318.000, 0.051
31.039, -17.137, 80.687, -80.955, 44.698, -210.445, 318.000, 0.047
31.098, -17.187, 80.755, -80.992, 44.761, -210.316, 318.000, 0.050
31.064, -17.136, 80.689, -81.007, 44.686, -210.415, 318.000, 0.047
31.047, -17.099, 80.650, -81.025, 44.624, -210.476, 318.000, 0.049
31.088, -17.129, 80.703, -81.043, 44.655, -210.387, 318.000, 0.048
31.022, -17.159, 80.682, -80.918, 44.758, -210.453, 318.000, 0.048
31.066, -17.219, 80.695, -80.984, 44.888, -210.357, 318.000, 0.049
31.044, -17.230, 80.698, -80.930, 44.917, -210.375, 318.000, 0.046
31.040, -17.217, 80.683, -80.941, 44.897, -210.394, 318.000, 0.049
31.034, -17.182, 80.639, -80.988, 44.839, -210.443, 318.000, 0.047
30.979, -17.231, 80.624, -80.875, 44.983, -210.481, 318.000, 0.048
31.034, -17.246, 80.655, -80.955, 44.987, -210.394, 318.000, 0.048
31.068, -17.278, 80.674, -80.997, 45.046, -210.326, 318.000, 0.049
30.988, -17.220, 80.616, -80.907, 44.959, -210.480, 318.000, 0.046
31.000, -17.276, 80.637, -80.895, 45.081, -210.421, 318.000, 0.049
31.078, -17.303, 80.741, -80.935, 45.060, -210.271, 318.000, 0.045
30.892, -17.277, 80.639, -80.659, 45.109, -210.546, 318.000, 0.047
31.041, -17.276, 80.724, -80.882, 45.015, -210.338, 318.000, 0.049
31.058, -17.305, 80.754, -80.876, 45.062, -210.287, 318.000, 0.046
30.913, -17.295, 80.653, -80.683, 45.139, -210.504, 318.000, 0.051
30.929, -17.275, 80.635, -80.743, 45.097, -210.506, 318.000, 0.046
30.931, -17.255, 80.600, -80.793, 45.070, -210.531, 318.000, 0.050
30.863, -17.195, 80.532, -80.740, 44.984, -210.676, 318.000, 0.047
30.939, -17.269, 80.598, -80.808, 45.105, -210.514, 318.000, 0.049
30.901, -17.272, 80.604, -80.719, 45.118, -210.552, 318.000, 0.048
30.904, -17.307, 80.594, -80.728, 45.210, -210.532, 318.000, 0.051
30.988, -17.310, 80.638, -80.859, 45.168, -210.413, 318.000, 0.046
30.969, -17.341, 80.648, -80.800, 45.242, -210.411, 318.000, 0.046
31.002, -17.296, 80.658, -80.869, 45.116, -210.399, 318.000, 0.050
30.913, -17.265, 80.579, -80.776, 45.114, -210.554, 318.000, 0.047
30.885, -17.239, 80.564, -80.741, 45.066, -210.609, 318.000, 0.051
30.953, -17.212, 80.600, -80.852, 44.960, -210.533, 318.000, 0.048
31.024, -17.217, 80.667, -80.926, 44.911, -210.420, 318.000, 0.050
30.965, -17.205, 80.628, -80.847, 44.921, -210.512, 318.000, 0.048
31.040, -17.328, 80.682, -80.917, 45.171, -210.322, 318.000, 0.051
30.966, -17.240, 80.561, -80.919, 45.051, -210.515, 318.000, 0.047
30.936, -17.212, 80.569, -80.851, 44.982, -210.566, 318.000, 0.048
30.947, -17.194, 80.572, -80.876, 44.933, -210.564, 318.000, 0.050
31.042, -17.228, 80.619, -81.018, 44.965, -210.411, 318.000, 0.048
31.064, -17.230, 80.650, -81.028, 44.943, -210.372, 318.000, 0.050
31.073, -17.252, 80.654, -81.039, 44.993, -210.345, 318.000, 0.047
31.021, -17.208, 80.598, -81.001, 44.933, -210.458, 318.000, 0.052
31.019, -17.202, 80.590, -81.008, 44.923, -210.467, 318.000, 0.046
31.040, -17.230, 80.621, -81.010, 44.967, -210.412, 318.000, 0.051
30.976, -17.144, 80.551, -80.976, 44.817, -210.571, 318.000, 0.043
31.052, -17.209, 80.620, -81.042, 44.914, -210.411, 318.000, 0.047
30.967, -17.226, 80.563, -80.922, 45.014, -210.523, 318.000, 0.050
31.043, -17.228, 80.624, -81.013, 44.961, -210.409, 318.000, 0.048
31.043, -17.254, 80.608, -81.026, 45.035, -210.398, 318.000, 0.049
31.022, -17.290, 80.640, -80.935, 45.108, -210.386, 318.000, 0.046
31.114, -17.364, 80.790, -80.941, 45.171, -210.169, 318.000, 0.047
31.273, -18.561, 80.466, -81.350, 48.283, -209.314, 318.000, 0.051
30.914, -19.710, 79.989, -80.808, 51.521, -209.092, 318.000, 0.046
30.406, -20.399, 79.918, -79.586, 53.395, -209.185, 318.000, 0.051
29.760, -21.028, 80.047, -77.842, 55.002, -209.376, 318.000, 0.049
29.027, -21.324, 80.368, -75.782, 55.673, -209.822, 318.000, 0.049
28.588, -21.555, 80.822, -74.254, 55.987, -209.927, 318.000, 0.048
27.979, -21.746, 80.949, -72.708, 56.511, -210.362, 318.000, 0.050
27.364, -21.727, 80.779, -71.506, 56.775, -211.087, 318.000, 0.046
27.186, -21.706, 80.787, -71.100, 56.769, -211.284, 318.000, 0.048
27.035, -21.640, 80.652, -70.914, 56.763, -211.551, 318.000, 0.050
26.881, -21.546, 80.509, -70.734, 56.696, -211.850, 318.000, 0.048
26.873, -21.549, 80.527, -70.697, 56.690, -211.848, 318.000, 0.049
26.910, -21.622, 80.541, -70.747, 56.844, -211.744, 318.000, 0.047
26.867, -21.606, 80.511, -70.683, 56.843, -211.813, 318.000, 0.050
26.919, -21.730, 80.600, -70.676, 57.054, -211.619, 318.000, 0.048
26.942, -21.670, 80.581, -70.767, 56.917, -211.653, 318.000, 0.049
26.998, -21.755, 80.639, -70.809, 57.059, -211.501, 318.000, 0.051
26.889, -21.741, 80.586, -70.619, 57.099, -211.647, 318.000, 0.047
26.867, -21.734, 80.550, -70.609, 57.119, -211.691, 318.000, 0.050
26.942, -21.770, 80.571, -70.748, 57.166, -211.576, 318.000, 0.048
26.901, -21.713, 80.515, -70.729, 57.088, -211.688, 318.000, 0.048
26.848, -21.818, 80.490, -70.603, 57.376, -211.667, 318.000, 0.046
26.869, -21.832, 80.481, -70.657, 57.410, -211.638, 318.000, 0.047
26.857, -21.845, 80.468, -70.639, 57.455, -211.645, 318.000, 0.048
26.941, -21.844, 80.534, -70.763, 57.377, -211.531, 318.000, 0.048
27.021, -21.903, 80.611, -70.851, 57.431, -211.367, 318.000, 0.051
27.054, -21.921, 80.610, -70.921, 57.467, -211.319, 318.000, 0.047
27.043, -21.922, 80.599, -70.909, 57.481, -211.334, 318.000, 0.050
27.000, -21.906, 80.531, -70.885, 57.511, -211.421, 318.000, 0.048
26.996, -21.882, 80.555, -70.857, 57.434, -211.434, 318.000, 0.050
26.925, -21.846, 80.504, -70.758, 57.410, -211.559, 318.000, 0.048
26.935, -21.803, 80.496, -70.801, 57.312, -211.588, 318.000, 0.048
27.046, -21.905, 80.561, -70.958, 57.471, -211.361, 318.000, 0.051
26.963, -21.819, 80.477, -70.879, 57.357, -211.554, 318.000, 0.046
26.953, -21.825, 80.471, -70.861, 57.378, -211.562, 318.000, 0.051
26.925, -21.971, 80.467, -70.761, 57.742, -211.470, 318.000, 0.048
27.015, -21.981, 80.498, -70.932, 57.714, -211.357, 318.000, 0.049
27.001, -21.935, 80.490, -70.920, 57.614, -211.412, 318.000, 0.048
27.032, -21.970, 80.518, -70.952, 57.666, -211.341, 318.000, 0.051
26.999, -22.005, 80.472, -70.914, 57.797, -211.364, 318.000, 0.046
26.973, -21.988, 80.443, -70.888, 57.788, -211.418, 318.000, 0.048
27.004, -22.009, 80.450, -70.948, 57.824, -211.365, 318.000, 0.051
27.097, -22.049, 80.521, -71.075, 57.835, -211.207, 318.000, 0.047
27.057, -21.991, 80.516, -71.005, 57.710, -211.298, 318.000, 0.050
27.069, -22.042, 80.544, -70.991, 57.806, -211.231, 318.000, 0.048
27.096, -22.072, 80.559, -71.027, 57.858, -211.173, 318.000, 0.050
27.058, -22.009, 80.502, -71.016, 57.765, -211.288, 318.000, 0.048
27.045, -22.000, 80.510, -70.982, 57.740, -211.306, 318.000, 0.047
27.114, -22.038, 80.562, -71.075, 57.770, -211.181, 318.000, 0.050
27.083, -21.996, 80.527, -71.052, 57.706, -211.262, 318.000, 0.046
27.142, -22.067, 80.575, -71.118, 57.820, -211.121, 318.000, 0.051
27.085, -22.029, 80.489, -71.086, 57.816, -211.249, 318.000, 0.048
26.980, -21.960, 80.392, -70.965, 57.762, -211.456, 318.000, 0.049
27.012, -22.001, 80.433, -70.985, 57.817, -211.371, 318.000, 0.048
26.974, -21.963, 80.426, -70.916, 57.741, -211.446, 318.000, 0.050
27.041, -22.031, 80.472, -71.003, 57.848, -211.299, 318.000, 0.047
27.024, -22.005, 80.433, -71.012, 57.824, -211.355, 318.000, 0.047
26.976, -21.992, 80.374, -70.966, 57.854, -211.441, 318.000, 0.050
27.213, -21.999, 80.569, -71.303, 57.643, -211.109, 318.000, 0.048
27.128, -22.012, 80.468, -71.211, 57.782, -211.228, 318.000, 0.051
27.116, -22.056, 80.471, -71.169, 57.888, -211.202, 318.000, 0.048
27.048, -22.036, 80.405, -71.087, 57.915, -211.316, 318.000, 0.049
27.023, -22.012, 80.406, -71.034, 57.863, -211.362, 318.000, 0.048
26.935, -22.005, 80.354, -70.889, 57.914, -211.481, 318.000, 0.051
26.951, -22.004, 80.372, -70.908, 57.891, -211.457, 318.000, 0.046
26.980, -22.032, 80.394, -70.944, 57.934, -211.395, 318.000, 0.048
27.065, -22.109, 80.456, -71.053, 58.041, -211.217, 318.000, 0.050
26.965, -22.146, 80.409, -70.861, 58.197, -211.308, 318.000, 0.034
26.984, -22.140, 80.417, -70.898, 58.170, -211.291, 318.000, 0.049
27.009, -22.109, 80.425, -70.957, 58.084, -211.287, 318.000, 0.049
27.031, -22.160, 80.483, -70.932, 58.152, -211.197, 318.000, 0.050
26.985, -22.153, 80.463, -70.851, 58.163, -211.258, 318.000, 0.048
26.916, -22.105, 80.392, -70.778, 58.127, -211.400, 318.000, 0.047
26.896, -22.138, 80.366, -70.750, 58.235, -211.404, 318.000, 0.050
26.939, -22.111, 80.408, -70.814, 58.123, -211.364, 318.000, 0.047
26.984, -22.165, 80.446, -70.862, 58.206, -211.257, 318.000, 0.047
26.999, -22.072, 80.421, -70.949, 58.000, -211.330, 318.000, 0.046
27.058, -22.125, 80.476, -71.011, 58.065, -211.202, 318.000, 0.050
27.016, -22.069, 80.438, -70.969, 57.975, -211.307, 318.000, 0.045
27.071, -22.179, 80.497, -71.003, 58.173, -211.135, 318.000, 0.051
26.959, -22.103, 80.412, -70.856, 58.094, -211.349, 318.000, 0.048
26.928, -22.127, 80.408, -70.784, 58.164, -211.362, 318.000, 0.047
26.946, -22.157, 80.448, -70.775, 58.196, -211.302, 318.000, 0.050
26.970, -22.164, 80.428, -70.850, 58.224, -211.279, 318.000, 0.048
27.033, -22.169, 80.471, -70.948, 58.181, -211.193, 318.000, 0.050
26.992, -22.089, 80.429, -70.920, 58.038, -211.319, 318.000, 0.047
26.957, -22.128, 80.395, -70.863, 58.168, -211.337, 318.000, 0.051
27.012, -22.114, 80.445, -70.943, 58.077, -211.271, 318.000, 0.047
27.018, -22.121, 80.463, -70.933, 58.077, -211.252, 318.000, 0.049
26.978, -22.120, 80.422, -70.885, 58.120, -211.311, 318.000, 0.047
26.908, -22.022, 80.361, -70.815, 57.958, -211.491, 318.000, 0.047
26.960, -22.050, 80.372, -70.914, 58.000, -211.410, 318.000, 0.049
27.035, -22.071, 80.450, -71.000, 57.964, -211.282, 318.000, 0.048
26.939, -22.080, 80.399, -70.831, 58.054, -211.394, 318.000, 0.050
26.991, -22.074, 80.427, -70.922, 58.001, -211.335, 318.000, 0.046
27.036, -22.018, 80.453, -71.014, 57.834, -211.324, 318.000, 0.050
26.989, -22.014, 80.387, -70.975, 57.894, -211.404, 318.000, 0.048
27.035, -22.128, 80.449, -70.987, 58.101, -211.234, 318.000, 0.049
27.072, -22.115, 80.481, -71.040, 58.034, -211.194, 318.000, 0.047
27.002, -22.055, 80.412, -70.969, 57.966, -211.345, 318.000, 0.051
26.982, -21.988, 80.424, -70.929, 57.800, -211.417, 318.000, 0.045
26.987, -22.014, 80.436, -70.921, 57.853, -211.385, 318.000, 0.047
27.071, -22.102, 80.466, -71.057, 58.014, -211.213, 318.000, 0.050
27.075, -22.108, 80.502, -71.029, 57.998, -211.187, 318.000, 0.046
27.122, -22.161, 80.527, -71.094, 58.090, -211.084, 318.000, 0.050
27.012, -22.115, 80.468, -70.917, 58.060, -211.261, 318.000, 0.048
27.057, -22.106, 80.477, -71.014, 58.018, -211.218, 318.000, 0.048
26.998, -22.058, 80.419, -70.952, 57.969, -211.344, 318.000, 0.047
27.070, -22.101, 80.491, -71.029, 57.992, -211.203, 318.000, 0.051
27.063, -22.160, 80.497, -70.991, 58.129, -211.158, 318.000, 0.047
27.178, -22.288, 80.619, -71.092, 58.302, -210.882, 318.000, 0.047
27.139, -22.204, 80.572, -71.074, 58.151, -211.012, 318.000, 0.051
27.021, -22.144, 80.488, -70.910, 58.111, -211.218, 318.000, 0.048
27.063, -22.138, 80.492, -71.002, 58.082, -211.179, 318.000, 0.049
27.131, -22.128, 80.527, -71.125, 58.010, -211.102, 318.000, 0.047
27.047, -22.047, 80.465, -71.018, 57.891, -211.283, 318.000, 0.050
27.009, -22.049, 80.435, -70.961, 57.932, -211.333, 318.000, 0.046
26.994, -22.108, 80.437, -70.909, 58.075, -211.299, 318.000, 0.049
27.038, -22.139, 80.469, -70.969, 58.109, -211.214, 318.000, 0.048
26.624, -22.183, 80.176, -70.308, 58.579, -211.724, 318.000, 0.047
26.965, -22.095, 80.412, -70.874, 58.073, -211.349, 318.000, 0.051
27.091, -22.080, 80.470, -71.104, 57.954, -211.208, 318.000, 0.048
26.969, -22.006, 80.373, -70.946, 57.892, -211.437, 318.000, 0.050
26.993, -21.997, 80.368, -71.009, 57.868, -211.422, 318.000, 0.048
27.067, -22.048, 80.451, -71.079, 57.899, -211.268, 318.000, 0.050
27.131, -22.085, 80.478, -71.187, 57.946, -211.159, 318.000, 0.048
27.075, -22.026, 80.456, -71.099, 57.840, -211.276, 318.000, 0.047
27.085, -22.069, 80.478, -71.086, 57.921, -211.220, 318.000, 0.051
27.066, -22.128, 80.466, -71.038, 58.078, -211.196, 318.000, 0.047
27.072, -22.135, 80.460, -71.056, 58.099, -211.186, 318.000, 0.049
27.151, -22.213, 80.555, -71.119, 58.182, -210.999, 318.000, 0.049
27.153, -22.091, 80.483, -71.231, 57.950, -211.130, 318.000, 0.051
27.149, -22.208, 80.511, -71.159, 58.208, -211.025, 318.000, 0.047
27.139, -22.232, 80.518, -71.122, 58.262, -211.012, 318.000, 0.047
